7158.93070,-0.04488
7155.07352,-0.04466
7151.21634,-0.04440
7147.35915,-0.04409
7143.50197,-0.04369
7139.64479,-0.04315
7135.78761,-0.04251
7131.93042,-0.04184
7128.07324,-0.04118
7124.21606,-0.04052
7120.35888,-0.03977
7116.50169,-0.03896
7112.64451,-0.03816
7108.78733,-0.03735
7104.93015,-0.03651
7101.07296,-0.03565
7097.21578,-0.03477
7093.35860,-0.03383
7089.50142,-0.03291
7085.64423,-0.03204
7081.78705,-0.03122
7077.92987,-0.03045
7074.07269,-0.02976
7070.21550,-0.02917
7066.35832,-0.02862
7062.50114,-0.02811
7058.64396,-0.02767
7054.78678,-0.02728
7050.92959,-0.02685
7047.07241,-0.02638
7043.21523,-0.02589
7039.35805,-0.02538
7035.50086,-0.02489
7031.64368,-0.02445
7027.78650,-0.02400
7023.92932,-0.02355
7020.07213,-0.02311
7016.21495,-0.02269
7012.35777,-0.02224
7008.50059,-0.02178
7004.64340,-0.02136
7000.78622,-0.02098
6996.92904,-0.02061
6993.07186,-0.02023
6989.21467,-0.01986
6985.35749,-0.01952
6981.50031,-0.01921
6977.64313,-0.01892
6973.78595,-0.01862
6969.92876,-0.01835
6966.07158,-0.01814
6962.21440,-0.01798
6958.35722,-0.01784
6954.50003,-0.01771
6950.64285,-0.01757
6946.78567,-0.01743
6942.92849,-0.01732
6939.07130,-0.01726
6935.21412,-0.01721
6931.35694,-0.01714
6927.49976,-0.01709
6923.64257,-0.01708
6919.78539,-0.01707
6915.92821,-0.01704
6912.07103,-0.01702
6908.21384,-0.01704
6904.35666,-0.01705
6900.49948,-0.01704
6896.64230,-0.01706
6892.78511,-0.01710
6888.92793,-0.01710
6885.07075,-0.01708
6881.21357,-0.01708
6877.35639,-0.01713
6873.49920,-0.01717
6869.64202,-0.01715
6865.78484,-0.01714
6861.92766,-0.01714
6858.07047,-0.01715
6854.21329,-0.01717
6850.35611,-0.01721
6846.49893,-0.01723
6842.64174,-0.01723
6838.78456,-0.01722
6834.92738,-0.01723
6831.07020,-0.01727
6827.21301,-0.01735
6823.35583,-0.01743
6819.49865,-0.01749
6815.64147,-0.01755
6811.78428,-0.01762
6807.92710,-0.01771
6804.06992,-0.01783
6800.21274,-0.01796
6796.35555,-0.01807
6792.49837,-0.01819
6788.64119,-0.01833
6784.78401,-0.01848
6780.92683,-0.01863
6777.06964,-0.01876
6773.21246,-0.01890
6769.35528,-0.01905
6765.49810,-0.01922
6761.64091,-0.01941
6757.78373,-0.01958
6753.92655,-0.01973
6750.06937,-0.01988
6746.21218,-0.02004
6742.35500,-0.02018
6738.49782,-0.02033
6734.64064,-0.02048
6730.78345,-0.02064
6726.92627,-0.02078
6723.06909,-0.02090
6719.21191,-0.02102
6715.35472,-0.02115
6711.49754,-0.02129
6707.64036,-0.02144
6703.78318,-0.02160
6699.92599,-0.02175
6696.06881,-0.02190
6692.21163,-0.02208
6688.35445,-0.02228
6684.49727,-0.02248
6680.64008,-0.02268
6676.78290,-0.02287
6672.92572,-0.02307
6669.06854,-0.02327
6665.21135,-0.02345
6661.35417,-0.02363
6657.49699,-0.02382
6653.63981,-0.02402
6649.78262,-0.02424
6645.92544,-0.02445
6642.06826,-0.02465
6638.21108,-0.02486
6634.35389,-0.02506
6630.49671,-0.02527
6626.63953,-0.02549
6622.78235,-0.02571
6618.92516,-0.02593
6615.06798,-0.02615
6611.21080,-0.02637
6607.35362,-0.02658
6603.49644,-0.02681
6599.63925,-0.02704
6595.78207,-0.02727
6591.92489,-0.02750
6588.06771,-0.02773
6584.21052,-0.02795
6580.35334,-0.02815
6576.49616,-0.02836
6572.63898,-0.02860
6568.78179,-0.02883
6564.92461,-0.02905
6561.06743,-0.02926
6557.21025,-0.02947
6553.35306,-0.02969
6549.49588,-0.02991
6545.63870,-0.03011
6541.78152,-0.03032
6537.92433,-0.03053
6534.06715,-0.03071
6530.20997,-0.03089
6526.35279,-0.03107
6522.49560,-0.03127
6518.63842,-0.03147
6514.78124,-0.03166
6510.92406,-0.03186
6507.06688,-0.03207
6503.20969,-0.03228
6499.35251,-0.03247
6495.49533,-0.03268
6491.63815,-0.03292
6487.78096,-0.03317
6483.92378,-0.03344
6480.06660,-0.03367
6476.20942,-0.03391
6472.35223,-0.03417
6468.49505,-0.03442
6464.63787,-0.03466
6460.78069,-0.03489
6456.92350,-0.03507
6453.06632,-0.03525
6449.20914,-0.03544
6445.35196,-0.03565
6441.49477,-0.03587
6437.63759,-0.03608
6433.78041,-0.03628
6429.92323,-0.03647
6426.06604,-0.03664
6422.20886,-0.03681
6418.35168,-0.03696
6414.49450,-0.03709
6410.63732,-0.03722
6406.78013,-0.03737
6402.92295,-0.03753
6399.06577,-0.03766
6395.20859,-0.03776
6391.35140,-0.03786
6387.49422,-0.03796
6383.63704,-0.03805
6379.77986,-0.03814
6375.92267,-0.03824
6372.06549,-0.03837
6368.20831,-0.03850
6364.35113,-0.03862
6360.49394,-0.03875
6356.63676,-0.03890
6352.77958,-0.03906
6348.92240,-0.03922
6345.06521,-0.03939
6341.20803,-0.03954
6337.35085,-0.03971
6333.49367,-0.03989
6329.63648,-0.04008
6325.77930,-0.04026
6321.92212,-0.04044
6318.06494,-0.04063
6314.20776,-0.04081
6310.35057,-0.04098
6306.49339,-0.04113
6302.63621,-0.04128
6298.77903,-0.04145
6294.92184,-0.04165
6291.06466,-0.04188
6287.20748,-0.04209
6283.35030,-0.04230
6279.49311,-0.04250
6275.63593,-0.04270
6271.77875,-0.04290
6267.92157,-0.04310
6264.06438,-0.04331
6260.20720,-0.04353
6256.35002,-0.04375
6252.49284,-0.04396
6248.63565,-0.04419
6244.77847,-0.04443
6240.92129,-0.04465
6237.06411,-0.04484
6233.20693,-0.04502
6229.34974,-0.04519
6225.49256,-0.04537
6221.63538,-0.04555
6217.77820,-0.04573
6213.92101,-0.04590
6210.06383,-0.04607
6206.20665,-0.04623
6202.34947,-0.04641
6198.49228,-0.04660
6194.63510,-0.04679
6190.77792,-0.04698
6186.92074,-0.04716
6183.06355,-0.04735
6179.20637,-0.04753
6175.34919,-0.04770
6171.49201,-0.04785
6167.63482,-0.04799
6163.77764,-0.04814
6159.92046,-0.04827
6156.06328,-0.04841
6152.20609,-0.04853
6148.34891,-0.04862
6144.49173,-0.04872
6140.63455,-0.04882
6136.77737,-0.04892
6132.92018,-0.04902
6129.06300,-0.04912
6125.20582,-0.04920
6121.34864,-0.04930
6117.49145,-0.04940
6113.63427,-0.04947
6109.77709,-0.04954
6105.91991,-0.04960
6102.06272,-0.04967
6098.20554,-0.04971
6094.34836,-0.04972
6090.49118,-0.04971
6086.63399,-0.04966
6082.77681,-0.04960
6078.91963,-0.04952
6075.06245,-0.04940
6071.20526,-0.04925
6067.34808,-0.04910
6063.49090,-0.04894
6059.63372,-0.04878
6055.77653,-0.04864
6051.91935,-0.04850
6048.06217,-0.04835
6044.20499,-0.04814
6040.34781,-0.04785
6036.49062,-0.04748
6032.63344,-0.04703
6028.77626,-0.04648
6024.91908,-0.04587
6021.06189,-0.04522
6017.20471,-0.04453
6013.34753,-0.04382
6009.49035,-0.04311
6005.63316,-0.04241
6001.77598,-0.04180
5997.91880,-0.04127
5994.06162,-0.04084
5990.20443,-0.04048
5986.34725,-0.04014
5982.49007,-0.03979
5978.63289,-0.03938
5974.77570,-0.03888
5970.91852,-0.03827
5967.06134,-0.03757
5963.20416,-0.03680
5959.34698,-0.03595
5955.48979,-0.03504
5951.63261,-0.03403
5947.77543,-0.03293
5943.91825,-0.03176
5940.06106,-0.03047
5936.20388,-0.02902
5932.34670,-0.02735
5928.48952,-0.02545
5924.63233,-0.02334
5920.77515,-0.02108
5916.91797,-0.01875
5913.06079,-0.01648
5909.20360,-0.01442
5905.34642,-0.01269
5901.48924,-0.01121
5897.63206,-0.00972
5893.77487,-0.00798
5889.91769,-0.00578
5886.06051,-0.00309
5882.20333,-0.00002
5878.34614,0.00326
5874.48896,0.00655
5870.63178,0.00963
5866.77460,0.01236
5862.91742,0.01471
5859.06023,0.01683
5855.20305,0.01882
5851.34587,0.02072
5847.48869,0.02251
5843.63150,0.02421
5839.77432,0.02583
5835.91714,0.02737
5832.05996,0.02887
5828.20277,0.03030
5824.34559,0.03159
5820.48841,0.03271
5816.63123,0.03369
5812.77404,0.03459
5808.91686,0.03546
5805.05968,0.03631
5801.20250,0.03710
5797.34531,0.03777
5793.48813,0.03817
5789.63095,0.03811
5785.77377,0.03730
5781.91658,0.03561
5778.05940,0.03311
5774.20222,0.03001
5770.34504,0.02661
5766.48786,0.02318
5762.63067,0.01993
5758.77349,0.01695
5754.91631,0.01431
5751.05913,0.01208
5747.20194,0.01027
5743.34476,0.00889
5739.48758,0.00793
5735.63040,0.00740
5731.77321,0.00729
5727.91603,0.00758
5724.05885,0.00820
5720.20167,0.00904
5716.34448,0.00996
5712.48730,0.01095
5708.63012,0.01199
5704.77294,0.01305
5700.91575,0.01409
5697.05857,0.01514
5693.20139,0.01619
5689.34421,0.01718
5685.48702,0.01800
5681.62984,0.01860
5677.77266,0.01889
5673.91548,0.01872
5670.05830,0.01798
5666.20111,0.01667
5662.34393,0.01487
5658.48675,0.01283
5654.62957,0.01075
5650.77238,0.00882
5646.91520,0.00716
5643.05802,0.00576
5639.20084,0.00453
5635.34365,0.00342
5631.48647,0.00238
5627.62929,0.00140
5623.77211,0.00044
5619.91492,-0.00049
5616.05774,-0.00137
5612.20056,-0.00212
5608.34338,-0.00277
5604.48619,-0.00337
5600.62901,-0.00392
5596.77183,-0.00437
5592.91465,-0.00476
5589.05747,-0.00512
5585.20028,-0.00546
5581.34310,-0.00575
5577.48592,-0.00605
5573.62874,-0.00638
5569.77155,-0.00670
5565.91437,-0.00702
5562.05719,-0.00735
5558.20001,-0.00773
5554.34282,-0.00815
5550.48564,-0.00860
5546.62846,-0.00902
5542.77128,-0.00941
5538.91409,-0.00975
5535.05691,-0.01007
5531.19973,-0.01035
5527.34255,-0.01063
5523.48536,-0.01089
5519.62818,-0.01116
5515.77100,-0.01142
5511.91382,-0.01170
5508.05663,-0.01201
5504.19945,-0.01232
5500.34227,-0.01267
5496.48509,-0.01311
5492.62791,-0.01362
5488.77072,-0.01409
5484.91354,-0.01451
5481.05636,-0.01497
5477.19918,-0.01550
5473.34199,-0.01600
5469.48481,-0.01641
5465.62763,-0.01682
5461.77045,-0.01726
5457.91326,-0.01765
5454.05608,-0.01801
5450.19890,-0.01840
5446.34172,-0.01883
5442.48453,-0.01924
5438.62735,-0.01961
5434.77017,-0.01999
5430.91299,-0.02042
5427.05580,-0.02081
5423.19862,-0.02115
5419.34144,-0.02153
5415.48426,-0.02200
5411.62707,-0.02244
5407.76989,-0.02274
5403.91271,-0.02298
5400.05553,-0.02325
5396.19835,-0.02352
5392.34116,-0.02370
5388.48398,-0.02378
5384.62680,-0.02381
5380.76962,-0.02381
5376.91243,-0.02382
5373.05525,-0.02377
5369.19807,-0.02365
5365.34089,-0.02350
5361.48370,-0.02329
5357.62652,-0.02306
5353.76934,-0.02276
5349.91216,-0.02233
5346.05497,-0.02180
5342.19779,-0.02116
5338.34061,-0.02037
5334.48343,-0.01942
5330.62624,-0.01834
5326.76906,-0.01710
5322.91188,-0.01566
5319.05470,-0.01409
5315.19752,-0.01236
5311.34033,-0.01045
5307.48315,-0.00830
5303.62597,-0.00586
5299.76879,-0.00317
5295.91160,-0.00026
5292.05442,0.00289
5288.19724,0.00631
5284.34006,0.00993
5280.48287,0.01369
5276.62569,0.01754
5272.76851,0.02142
5268.91133,0.02530
5265.05414,0.02932
5261.19696,0.03341
5257.33978,0.03734
5253.48260,0.04109
5249.62541,0.04470
5245.76823,0.04827
5241.91105,0.05168
5238.05387,0.05476
5234.19668,0.05760
5230.33950,0.06026
5226.48232,0.06278
5222.62514,0.06515
5218.76796,0.06734
5214.91077,0.06930
5211.05359,0.07101
5207.19641,0.07264
5203.33923,0.07422
5199.48204,0.07557
5195.62486,0.07671
5191.76768,0.07765
5187.91050,0.07839
5184.05331,0.07897
5180.19613,0.07937
5176.33895,0.07960
5172.48177,0.07968
5168.62458,0.07959
5164.76740,0.07931
5160.91022,0.07889
5157.05304,0.07838
5153.19585,0.07779
5149.33867,0.07714
5145.48149,0.07641
5141.62431,0.07560
5137.76712,0.07473
5133.90994,0.07384
5130.05276,0.07294
5126.19558,0.07203
5122.33840,0.07107
5118.48121,0.07010
5114.62403,0.06913
5110.76685,0.06816
5106.90967,0.06717
5103.05248,0.06617
5099.19530,0.06522
5095.33812,0.06432
5091.48094,0.06345
5087.62375,0.06258
5083.76657,0.06170
5079.90939,0.06082
5076.05221,0.05996
5072.19502,0.05910
5068.33784,0.05823
5064.48066,0.05733
5060.62348,0.05643
5056.76629,0.05553
5052.90911,0.05460
5049.05193,0.05365
5045.19475,0.05268
5041.33756,0.05171
5037.48038,0.05075
5033.62320,0.04981
5029.76602,0.04886
5025.90884,0.04790
5022.05165,0.04696
5018.19447,0.04605
5014.33729,0.04515
5010.48011,0.04427
5006.62292,0.04342
5002.76574,0.04263
4998.90856,0.04187
4995.05138,0.04116
4991.19419,0.04049
4987.33701,0.03988
4983.47983,0.03933
4979.62265,0.03880
4975.76546,0.03830
4971.90828,0.03782
4968.05110,0.03738
4964.19392,0.03697
4960.33673,0.03661
4956.47955,0.03633
4952.62237,0.03610
4948.76519,0.03597
4944.90801,0.03597
4941.05082,0.03608
4937.19364,0.03627
4933.33646,0.03652
4929.47928,0.03683
4925.62209,0.03720
4921.76491,0.03765
4917.90773,0.03817
4914.05055,0.03874
4910.19336,0.03938
4906.33618,0.04010
4902.47900,0.04085
4898.62182,0.04162
4894.76463,0.04245
4890.90745,0.04330
4887.05027,0.04412
4883.19309,0.04491
4879.33590,0.04568
4875.47872,0.04640
4871.62154,0.04701
4867.76436,0.04749
4863.90717,0.04783
4860.04999,0.04802
4856.19281,0.04808
4852.33563,0.04804
4848.47845,0.04793
4844.62126,0.04777
4840.76408,0.04755
4836.90690,0.04732
4833.04972,0.04710
4829.19253,0.04687
4825.33535,0.04666
4821.47817,0.04648
4817.62099,0.04631
4813.76380,0.04615
4809.90662,0.04602
4806.04944,0.04594
4802.19226,0.04586
4798.33507,0.04579
4794.47789,0.04574
4790.62071,0.04571
4786.76353,0.04571
4782.90634,0.04575
4779.04916,0.04583
4775.19198,0.04597
4771.33480,0.04616
4767.47761,0.04641
4763.62043,0.04668
4759.76325,0.04696
4755.90607,0.04725
4752.04889,0.04757
4748.19170,0.04793
4744.33452,0.04832
4740.47734,0.04876
4736.62016,0.04922
4732.76297,0.04971
4728.90579,0.05025
4725.04861,0.05079
4721.19143,0.05126
4717.33424,0.05163
4713.47706,0.05189
4709.61988,0.05208
4705.76270,0.05219
4701.90551,0.05221
4698.04833,0.05219
4694.19115,0.05219
4690.33397,0.05225
4686.47678,0.05242
4682.61960,0.05273
4678.76242,0.05317
4674.90524,0.05376
4671.04805,0.05452
4667.19087,0.05528
4663.33369,0.05579
4659.47651,0.05581
4655.61933,0.05526
4651.76214,0.05426
4647.90496,0.05314
4644.04778,0.05221
4640.19060,0.05158
4636.33341,0.05119
4632.47623,0.05098
4628.61905,0.05093
4624.76187,0.05098
4620.90468,0.05105
4617.04750,0.05107
4613.19032,0.05103
4609.33314,0.05094
4605.47595,0.05082
4601.61877,0.05066
4597.76159,0.05045
4593.90441,0.05015
4590.04722,0.04978
4586.19004,0.04937
4582.33286,0.04894
4578.47568,0.04844
4574.61850,0.04785
4570.76131,0.04718
4566.90413,0.04647
4563.04695,0.04577
4559.18977,0.04514
4555.33258,0.04458
4551.47540,0.04406
4547.61822,0.04359
4543.76104,0.04315
4539.90385,0.04274
4536.04667,0.04239
4532.18949,0.04212
4528.33231,0.04191
4524.47512,0.04178
4520.61794,0.04171
4516.76076,0.04170
4512.90358,0.04177
4509.04639,0.04194
4505.18921,0.04216
4501.33203,0.04244
4497.47485,0.04279
4493.61766,0.04329
4489.76048,0.04398
4485.90330,0.04488
