7158.93070,-0.04664
7155.07352,-0.04646
7151.21634,-0.04621
7147.35915,-0.04588
7143.50197,-0.04542
7139.64479,-0.04488
7135.78761,-0.04430
7131.93042,-0.04364
7128.07324,-0.04293
7124.21606,-0.04221
7120.35888,-0.04145
7116.50169,-0.04066
7112.64451,-0.03984
7108.78733,-0.03898
7104.93015,-0.03809
7101.07296,-0.03719
7097.21578,-0.03628
7093.35860,-0.03537
7089.50142,-0.03444
7085.64423,-0.03349
7081.78705,-0.03261
7077.92987,-0.03182
7074.07269,-0.03113
7070.21550,-0.03052
7066.35832,-0.02997
7062.50114,-0.02949
7058.64396,-0.02902
7054.78678,-0.02857
7050.92959,-0.02812
7047.07241,-0.02767
7043.21523,-0.02719
7039.35805,-0.02669
7035.50086,-0.02618
7031.64368,-0.02569
7027.78650,-0.02521
7023.92932,-0.02474
7020.07213,-0.02429
7016.21495,-0.02385
7012.35777,-0.02340
7008.50059,-0.02295
7004.64340,-0.02251
7000.78622,-0.02210
6996.92904,-0.02168
6993.07186,-0.02128
6989.21467,-0.02091
6985.35749,-0.02056
6981.50031,-0.02023
6977.64313,-0.01991
6973.78595,-0.01961
6969.92876,-0.01935
6966.07158,-0.01913
6962.21440,-0.01893
6958.35722,-0.01877
6954.50003,-0.01863
6950.64285,-0.01854
6946.78567,-0.01846
6942.92849,-0.01836
6939.07130,-0.01825
6935.21412,-0.01815
6931.35694,-0.01807
6927.49976,-0.01802
6923.64257,-0.01798
6919.78539,-0.01795
6915.92821,-0.01792
6912.07103,-0.01791
6908.21384,-0.01791
6904.35666,-0.01789
6900.49948,-0.01788
6896.64230,-0.01788
6892.78511,-0.01789
6888.92793,-0.01790
6885.07075,-0.01794
6881.21357,-0.01797
6877.35639,-0.01798
6873.49920,-0.01797
6869.64202,-0.01799
6865.78484,-0.01802
6861.92766,-0.01801
6858.07047,-0.01799
6854.21329,-0.01798
6850.35611,-0.01800
6846.49893,-0.01801
6842.64174,-0.01801
6838.78456,-0.01801
6834.92738,-0.01802
6831.07020,-0.01806
6827.21301,-0.01812
6823.35583,-0.01819
6819.49865,-0.01825
6815.64147,-0.01830
6811.78428,-0.01834
6807.92710,-0.01840
6804.06992,-0.01849
6800.21274,-0.01859
6796.35555,-0.01872
6792.49837,-0.01886
6788.64119,-0.01899
6784.78401,-0.01912
6780.92683,-0.01925
6777.06964,-0.01937
6773.21246,-0.01949
6769.35528,-0.01964
6765.49810,-0.01979
6761.64091,-0.01994
6757.78373,-0.02010
6753.92655,-0.02027
6750.06937,-0.02043
6746.21218,-0.02060
6742.35500,-0.02077
6738.49782,-0.02092
6734.64064,-0.02107
6730.78345,-0.02121
6726.92627,-0.02134
6723.06909,-0.02147
6719.21191,-0.02161
6715.35472,-0.02174
6711.49754,-0.02185
6707.64036,-0.02198
6703.78318,-0.02214
6699.92599,-0.02230
6696.06881,-0.02247
6692.21163,-0.02264
6688.35445,-0.02280
6684.49727,-0.02296
6680.64008,-0.02314
6676.78290,-0.02333
6672.92572,-0.02351
6669.06854,-0.02369
6665.21135,-0.02388
6661.35417,-0.02411
6657.49699,-0.02433
6653.63981,-0.02453
6649.78262,-0.02472
6645.92544,-0.02493
6642.06826,-0.02515
6638.21108,-0.02536
6634.35389,-0.02556
6630.49671,-0.02575
6626.63953,-0.02594
6622.78235,-0.02615
6618.92516,-0.02637
6615.06798,-0.02659
6611.21080,-0.02681
6607.35362,-0.02704
6603.49644,-0.02726
6599.63925,-0.02745
6595.78207,-0.02764
6591.92489,-0.02786
6588.06771,-0.02810
6584.21052,-0.02833
6580.35334,-0.02855
6576.49616,-0.02878
6572.63898,-0.02902
6568.78179,-0.02924
6564.92461,-0.02944
6561.06743,-0.02964
6557.21025,-0.02985
6553.35306,-0.03006
6549.49588,-0.03028
6545.63870,-0.03048
6541.78152,-0.03068
6537.92433,-0.03088
6534.06715,-0.03107
6530.20997,-0.03127
6526.35279,-0.03148
6522.49560,-0.03167
6518.63842,-0.03184
6514.78124,-0.03201
6510.92406,-0.03220
6507.06688,-0.03238
6503.20969,-0.03258
6499.35251,-0.03279
6495.49533,-0.03301
6491.63815,-0.03322
6487.78096,-0.03345
6483.92378,-0.03369
6480.06660,-0.03393
6476.20942,-0.03418
6472.35223,-0.03444
6468.49505,-0.03469
6464.63787,-0.03491
6460.78069,-0.03511
6456.92350,-0.03533
6453.06632,-0.03555
6449.20914,-0.03577
6445.35196,-0.03596
6441.49477,-0.03613
6437.63759,-0.03630
6433.78041,-0.03648
6429.92323,-0.03665
6426.06604,-0.03682
6422.20886,-0.03698
6418.35168,-0.03715
6414.49450,-0.03732
6410.63732,-0.03748
6406.78013,-0.03763
6402.92295,-0.03776
6399.06577,-0.03787
6395.20859,-0.03797
6391.35140,-0.03808
6387.49422,-0.03819
6383.63704,-0.03829
6379.77986,-0.03837
6375.92267,-0.03848
6372.06549,-0.03860
6368.20831,-0.03870
6364.35113,-0.03881
6360.49394,-0.03892
6356.63676,-0.03905
6352.77958,-0.03922
6348.92240,-0.03941
6345.06521,-0.03958
6341.20803,-0.03974
6337.35085,-0.03992
6333.49367,-0.04012
6329.63648,-0.04031
6325.77930,-0.04047
6321.92212,-0.04062
6318.06494,-0.04079
6314.20776,-0.04097
6310.35057,-0.04115
6306.49339,-0.04132
6302.63621,-0.04147
6298.77903,-0.04163
6294.92184,-0.04181
6291.06466,-0.04200
6287.20748,-0.04219
6283.35030,-0.04240
6279.49311,-0.04261
6275.63593,-0.04283
6271.77875,-0.04305
6267.92157,-0.04326
6264.06438,-0.04346
6260.20720,-0.04366
6256.35002,-0.04385
6252.49284,-0.04406
6248.63565,-0.04429
6244.77847,-0.04452
6240.92129,-0.04473
6237.06411,-0.04494
6233.20693,-0.04515
6229.34974,-0.04536
6225.49256,-0.04554
6221.63538,-0.04571
6217.77820,-0.04588
6213.92101,-0.04605
6210.06383,-0.04622
6206.20665,-0.04641
6202.34947,-0.04658
6198.49228,-0.04676
6194.63510,-0.04694
6190.77792,-0.04714
6186.92074,-0.04734
6183.06355,-0.04755
6179.20637,-0.04773
6175.34919,-0.04789
6171.49201,-0.04804
6167.63482,-0.04818
6163.77764,-0.04833
6159.92046,-0.04845
6156.06328,-0.04857
6152.20609,-0.04867
6148.34891,-0.04878
6144.49173,-0.04887
6140.63455,-0.04896
6136.77737,-0.04904
6132.92018,-0.04912
6129.06300,-0.04922
6125.20582,-0.04931
6121.34864,-0.04937
6117.49145,-0.04945
6113.63427,-0.04953
6109.77709,-0.04959
6105.91991,-0.04966
6102.06272,-0.04972
6098.20554,-0.04974
6094.34836,-0.04974
6090.49118,-0.04972
6086.63399,-0.04967
6082.77681,-0.04960
6078.91963,-0.04950
6075.06245,-0.04938
6071.20526,-0.04922
6067.34808,-0.04905
6063.49090,-0.04887
6059.63372,-0.04870
6055.77653,-0.04854
6051.91935,-0.04838
6048.06217,-0.04819
6044.20499,-0.04795
6040.34781,-0.04766
6036.49062,-0.04727
6032.63344,-0.04679
6028.77626,-0.04622
6024.91908,-0.04559
6021.06189,-0.04490
6017.20471,-0.04416
6013.34753,-0.04337
6009.49035,-0.04260
6005.63316,-0.04186
6001.77598,-0.04119
5997.91880,-0.04062
5994.06162,-0.04017
5990.20443,-0.03977
5986.34725,-0.03941
5982.49007,-0.03904
5978.63289,-0.03860
5974.77570,-0.03805
5970.91852,-0.03743
5967.06134,-0.03672
5963.20416,-0.03593
5959.34698,-0.03507
5955.48979,-0.03413
5951.63261,-0.03311
5947.77543,-0.03201
5943.91825,-0.03082
5940.06106,-0.02950
5936.20388,-0.02801
5932.34670,-0.02634
5928.48952,-0.02445
5924.63233,-0.02235
5920.77515,-0.02007
5916.91797,-0.01773
5913.06079,-0.01547
5909.20360,-0.01341
5905.34642,-0.01166
5901.48924,-0.01017
5897.63206,-0.00871
5893.77487,-0.00700
5889.91769,-0.00483
5886.06051,-0.00217
5882.20333,0.00086
5878.34614,0.00408
5874.48896,0.00729
5870.63178,0.01033
5866.77460,0.01304
5862.91742,0.01539
5859.06023,0.01746
5855.20305,0.01939
5851.34587,0.02122
5847.48869,0.02297
5843.63150,0.02463
5839.77432,0.02621
5835.91714,0.02771
5832.05996,0.02916
5828.20277,0.03053
5824.34559,0.03180
5820.48841,0.03291
5816.63123,0.03388
5812.77404,0.03477
5808.91686,0.03561
5805.05968,0.03643
5801.20250,0.03720
5797.34531,0.03786
5793.48813,0.03826
5789.63095,0.03816
5785.77377,0.03736
5781.91658,0.03575
5778.05940,0.03335
5774.20222,0.03035
5770.34504,0.02705
5766.48786,0.02373
5762.63067,0.02059
5758.77349,0.01773
5754.91631,0.01519
5751.05913,0.01299
5747.20194,0.01117
5743.34476,0.00977
5739.48758,0.00880
5735.63040,0.00823
5731.77321,0.00810
5727.91603,0.00838
5724.05885,0.00900
5720.20167,0.00984
5716.34448,0.01080
5712.48730,0.01179
5708.63012,0.01279
5704.77294,0.01383
5700.91575,0.01488
5697.05857,0.01592
5693.20139,0.01692
5689.34421,0.01786
5685.48702,0.01868
5681.62984,0.01931
5677.77266,0.01961
5673.91548,0.01943
5670.05830,0.01871
5666.20111,0.01743
5662.34393,0.01569
5658.48675,0.01368
5654.62957,0.01164
5650.77238,0.00979
5646.91520,0.00823
5643.05802,0.00691
5639.20084,0.00573
5635.34365,0.00464
5631.48647,0.00360
5627.62929,0.00261
5623.77211,0.00164
5619.91492,0.00075
5616.05774,-0.00007
5612.20056,-0.00082
5608.34338,-0.00147
5604.48619,-0.00204
5600.62901,-0.00253
5596.77183,-0.00297
5592.91465,-0.00337
5589.05747,-0.00373
5585.20028,-0.00406
5581.34310,-0.00440
5577.48592,-0.00473
5573.62874,-0.00505
5569.77155,-0.00537
5565.91437,-0.00568
5562.05719,-0.00601
5558.20001,-0.00639
5554.34282,-0.00680
5550.48564,-0.00722
5546.62846,-0.00763
5542.77128,-0.00800
5538.91409,-0.00833
5535.05691,-0.00864
5531.19973,-0.00893
5527.34255,-0.00919
5523.48536,-0.00943
5519.62818,-0.00969
5515.77100,-0.00994
5511.91382,-0.01019
5508.05663,-0.01046
5504.19945,-0.01080
5500.34227,-0.01117
5496.48509,-0.01158
5492.62791,-0.01202
5488.77072,-0.01246
5484.91354,-0.01291
5481.05636,-0.01338
5477.19918,-0.01388
5473.34199,-0.01437
5469.48481,-0.01482
5465.62763,-0.01525
5461.77045,-0.01566
5457.91326,-0.01604
5454.05608,-0.01640
5450.19890,-0.01678
5446.34172,-0.01718
5442.48453,-0.01757
5438.62735,-0.01793
5434.77017,-0.01830
5430.91299,-0.01871
5427.05580,-0.01912
5423.19862,-0.01951
5419.34144,-0.01992
5415.48426,-0.02036
5411.62707,-0.02080
5407.76989,-0.02117
5403.91271,-0.02147
5400.05553,-0.02172
5396.19835,-0.02195
5392.34116,-0.02212
5388.48398,-0.02223
5384.62680,-0.02227
5380.76962,-0.02229
5376.91243,-0.02230
5373.05525,-0.02227
5369.19807,-0.02219
5365.34089,-0.02207
5361.48370,-0.02189
5357.62652,-0.02163
5353.76934,-0.02130
5349.91216,-0.02088
5346.05497,-0.02036
5342.19779,-0.01973
5338.34061,-0.01900
5334.48343,-0.01814
5330.62624,-0.01712
5326.76906,-0.01594
5322.91188,-0.01463
5319.05470,-0.01316
5315.19752,-0.01150
5311.34033,-0.00964
5307.48315,-0.00756
5303.62597,-0.00525
5299.76879,-0.00269
5295.91160,0.00015
5292.05442,0.00326
5288.19724,0.00660
5284.34006,0.01006
5280.48287,0.01365
5276.62569,0.01736
5272.76851,0.02116
5268.91133,0.02504
5265.05414,0.02901
5261.19696,0.03297
5257.33978,0.03680
5253.48260,0.04049
5249.62541,0.04408
5245.76823,0.04756
5241.91105,0.05083
5238.05387,0.05384
5234.19668,0.05665
5230.33950,0.05930
5226.48232,0.06181
5222.62514,0.06413
5218.76796,0.06626
5214.91077,0.06819
5211.05359,0.06995
5207.19641,0.07158
5203.33923,0.07309
5199.48204,0.07442
5195.62486,0.07557
5191.76768,0.07654
5187.91050,0.07730
5184.05331,0.07788
5180.19613,0.07829
5176.33895,0.07851
5172.48177,0.07856
5168.62458,0.07846
5164.76740,0.07822
5160.91022,0.07786
5157.05304,0.07738
5153.19585,0.07680
5149.33867,0.07614
5145.48149,0.07542
5141.62431,0.07463
5137.76712,0.07377
5133.90994,0.07289
5130.05276,0.07197
5126.19558,0.07103
5122.33840,0.07011
5118.48121,0.06918
5114.62403,0.06825
5110.76685,0.06733
5106.90967,0.06641
5103.05248,0.06548
5099.19530,0.06451
5095.33812,0.06357
5091.48094,0.06268
5087.62375,0.06182
5083.76657,0.06096
5079.90939,0.06011
5076.05221,0.05924
5072.19502,0.05836
5068.33784,0.05747
5064.48066,0.05661
5060.62348,0.05575
5056.76629,0.05486
5052.90911,0.05396
5049.05193,0.05306
5045.19475,0.05214
5041.33756,0.05120
5037.48038,0.05024
5033.62320,0.04928
5029.76602,0.04836
5025.90884,0.04744
5022.05165,0.04654
5018.19447,0.04566
5014.33729,0.04478
5010.48011,0.04393
5006.62292,0.04313
5002.76574,0.04238
4998.90856,0.04164
4995.05138,0.04095
4991.19419,0.04031
4987.33701,0.03973
4983.47983,0.03918
4979.62265,0.03865
4975.76546,0.03819
4971.90828,0.03776
4968.05110,0.03735
4964.19392,0.03695
4960.33673,0.03659
4956.47955,0.03632
4952.62237,0.03614
4948.76519,0.03606
4944.90801,0.03606
4941.05082,0.03616
4937.19364,0.03633
4933.33646,0.03656
4929.47928,0.03684
4925.62209,0.03721
4921.76491,0.03766
4917.90773,0.03817
4914.05055,0.03876
4910.19336,0.03942
4906.33618,0.04010
4902.47900,0.04081
4898.62182,0.04158
4894.76463,0.04239
4890.90745,0.04320
4887.05027,0.04402
4883.19309,0.04482
4879.33590,0.04558
4875.47872,0.04626
4871.62154,0.04684
4867.76436,0.04732
4863.90717,0.04768
4860.04999,0.04790
4856.19281,0.04798
4852.33563,0.04797
4848.47845,0.04790
4844.62126,0.04780
4840.76408,0.04768
4836.90690,0.04752
4833.04972,0.04734
4829.19253,0.04717
4825.33535,0.04705
4821.47817,0.04693
4817.62099,0.04678
4813.76380,0.04664
4809.90662,0.04654
4806.04944,0.04646
4802.19226,0.04640
4798.33507,0.04633
4794.47789,0.04627
4790.62071,0.04625
4786.76353,0.04629
4782.90634,0.04636
4779.04916,0.04645
4775.19198,0.04661
4771.33480,0.04682
4767.47761,0.04706
4763.62043,0.04734
4759.76325,0.04765
4755.90607,0.04797
4752.04889,0.04834
4748.19170,0.04872
4744.33452,0.04908
4740.47734,0.04945
4736.62016,0.04989
4732.76297,0.05040
4728.90579,0.05094
4725.04861,0.05145
4721.19143,0.05190
4717.33424,0.05227
4713.47706,0.05254
4709.61988,0.05271
4705.76270,0.05281
4701.90551,0.05282
4698.04833,0.05281
4694.19115,0.05283
4690.33397,0.05289
4686.47678,0.05301
4682.61960,0.05324
4678.76242,0.05364
4674.90524,0.05423
4671.04805,0.05495
4667.19087,0.05566
4663.33369,0.05614
4659.47651,0.05613
4655.61933,0.05554
4651.76214,0.05452
4647.90496,0.05337
4644.04778,0.05237
4640.19060,0.05166
4636.33341,0.05124
4632.47623,0.05102
4628.61905,0.05094
4624.76187,0.05093
4620.90468,0.05094
4617.04750,0.05093
4613.19032,0.05088
4609.33314,0.05077
4605.47595,0.05062
4601.61877,0.05045
4597.76159,0.05022
4593.90441,0.04990
4590.04722,0.04953
4586.19004,0.04912
4582.33286,0.04868
4578.47568,0.04818
4574.61850,0.04758
4570.76131,0.04693
4566.90413,0.04625
4563.04695,0.04559
4559.18977,0.04498
4555.33258,0.04443
4551.47540,0.04390
4547.61822,0.04342
4543.76104,0.04301
4539.90385,0.04266
4536.04667,0.04233
4532.18949,0.04206
4528.33231,0.04186
4524.47512,0.04173
4520.61794,0.04168
4516.76076,0.04170
4512.90358,0.04180
4509.04639,0.04198
4505.18921,0.04224
4501.33203,0.04255
4497.47485,0.04296
4493.61766,0.04353
4489.76048,0.04430
4485.90330,0.04528
