7158.93070,-0.04684
7155.07352,-0.04670
7151.21634,-0.04643
7147.35915,-0.04605
7143.50197,-0.04556
7139.64479,-0.04500
7135.78761,-0.04439
7131.93042,-0.04375
7128.07324,-0.04305
7124.21606,-0.04229
7120.35888,-0.04147
7116.50169,-0.04061
7112.64451,-0.03976
7108.78733,-0.03886
7104.93015,-0.03792
7101.07296,-0.03699
7097.21578,-0.03605
7093.35860,-0.03510
7089.50142,-0.03415
7085.64423,-0.03321
7081.78705,-0.03230
7077.92987,-0.03147
7074.07269,-0.03073
7070.21550,-0.03009
7066.35832,-0.02956
7062.50114,-0.02910
7058.64396,-0.02865
7054.78678,-0.02820
7050.92959,-0.02774
7047.07241,-0.02725
7043.21523,-0.02675
7039.35805,-0.02624
7035.50086,-0.02576
7031.64368,-0.02528
7027.78650,-0.02478
7023.92932,-0.02431
7020.07213,-0.02388
7016.21495,-0.02346
7012.35777,-0.02299
7008.50059,-0.02252
7004.64340,-0.02206
7000.78622,-0.02164
6996.92904,-0.02122
6993.07186,-0.02082
6989.21467,-0.02044
6985.35749,-0.02010
6981.50031,-0.01977
6977.64313,-0.01946
6973.78595,-0.01918
6969.92876,-0.01894
6966.07158,-0.01871
6962.21440,-0.01850
6958.35722,-0.01833
6954.50003,-0.01822
6950.64285,-0.01812
6946.78567,-0.01802
6942.92849,-0.01793
6939.07130,-0.01785
6935.21412,-0.01775
6931.35694,-0.01767
6927.49976,-0.01761
6923.64257,-0.01758
6919.78539,-0.01754
6915.92821,-0.01751
6912.07103,-0.01749
6908.21384,-0.01748
6904.35666,-0.01748
6900.49948,-0.01750
6896.64230,-0.01754
6892.78511,-0.01756
6888.92793,-0.01756
6885.07075,-0.01756
6881.21357,-0.01759
6877.35639,-0.01764
6873.49920,-0.01765
6869.64202,-0.01764
6865.78484,-0.01764
6861.92766,-0.01766
6858.07047,-0.01767
6854.21329,-0.01768
6850.35611,-0.01768
6846.49893,-0.01770
6842.64174,-0.01772
6838.78456,-0.01774
6834.92738,-0.01775
6831.07020,-0.01776
6827.21301,-0.01777
6823.35583,-0.01780
6819.49865,-0.01788
6815.64147,-0.01799
6811.78428,-0.01810
6807.92710,-0.01819
6804.06992,-0.01828
6800.21274,-0.01838
6796.35555,-0.01849
6792.49837,-0.01860
6788.64119,-0.01875
6784.78401,-0.01891
6780.92683,-0.01906
6777.06964,-0.01921
6773.21246,-0.01937
6769.35528,-0.01952
6765.49810,-0.01968
6761.64091,-0.01984
6757.78373,-0.02000
6753.92655,-0.02017
6750.06937,-0.02036
6746.21218,-0.02056
6742.35500,-0.02075
6738.49782,-0.02093
6734.64064,-0.02108
6730.78345,-0.02122
6726.92627,-0.02136
6723.06909,-0.02151
6719.21191,-0.02165
6715.35472,-0.02178
6711.49754,-0.02194
6707.64036,-0.02212
6703.78318,-0.02230
6699.92599,-0.02245
6696.06881,-0.02261
6692.21163,-0.02277
6688.35445,-0.02294
6684.49727,-0.02314
6680.64008,-0.02335
6676.78290,-0.02353
6672.92572,-0.02371
6669.06854,-0.02390
6665.21135,-0.02411
6661.35417,-0.02434
6657.49699,-0.02457
6653.63981,-0.02479
6649.78262,-0.02499
6645.92544,-0.02518
6642.06826,-0.02540
6638.21108,-0.02564
6634.35389,-0.02585
6630.49671,-0.02604
6626.63953,-0.02623
6622.78235,-0.02644
6618.92516,-0.02666
6615.06798,-0.02688
6611.21080,-0.02710
6607.35362,-0.02732
6603.49644,-0.02755
6599.63925,-0.02778
6595.78207,-0.02801
6591.92489,-0.02822
6588.06771,-0.02845
6584.21052,-0.02867
6580.35334,-0.02889
6576.49616,-0.02910
6572.63898,-0.02931
6568.78179,-0.02954
6564.92461,-0.02977
6561.06743,-0.02999
6557.21025,-0.03019
6553.35306,-0.03041
6549.49588,-0.03062
6545.63870,-0.03082
6541.78152,-0.03101
6537.92433,-0.03121
6534.06715,-0.03142
6530.20997,-0.03162
6526.35279,-0.03181
6522.49560,-0.03201
6518.63842,-0.03222
6514.78124,-0.03241
6510.92406,-0.03260
6507.06688,-0.03280
6503.20969,-0.03301
6499.35251,-0.03322
6495.49533,-0.03342
6491.63815,-0.03363
6487.78096,-0.03385
6483.92378,-0.03409
6480.06660,-0.03434
6476.20942,-0.03459
6472.35223,-0.03485
6468.49505,-0.03510
6464.63787,-0.03534
6460.78069,-0.03557
6456.92350,-0.03580
6453.06632,-0.03601
6449.20914,-0.03620
6445.35196,-0.03639
6441.49477,-0.03658
6437.63759,-0.03676
6433.78041,-0.03693
6429.92323,-0.03710
6426.06604,-0.03727
6422.20886,-0.03744
6418.35168,-0.03761
6414.49450,-0.03777
6410.63732,-0.03791
6406.78013,-0.03804
6402.92295,-0.03817
6399.06577,-0.03830
6395.20859,-0.03841
6391.35140,-0.03850
6387.49422,-0.03858
6383.63704,-0.03868
6379.77986,-0.03880
6375.92267,-0.03891
6372.06549,-0.03902
6368.20831,-0.03914
6364.35113,-0.03926
6360.49394,-0.03938
6356.63676,-0.03952
6352.77958,-0.03969
6348.92240,-0.03988
6345.06521,-0.04004
6341.20803,-0.04021
6337.35085,-0.04040
6333.49367,-0.04059
6329.63648,-0.04077
6325.77930,-0.04093
6321.92212,-0.04109
6318.06494,-0.04126
6314.20776,-0.04144
6310.35057,-0.04163
6306.49339,-0.04179
6302.63621,-0.04195
6298.77903,-0.04212
6294.92184,-0.04228
6291.06466,-0.04246
6287.20748,-0.04266
6283.35030,-0.04288
6279.49311,-0.04309
6275.63593,-0.04329
6271.77875,-0.04348
6267.92157,-0.04369
6264.06438,-0.04389
6260.20720,-0.04410
6256.35002,-0.04432
6252.49284,-0.04453
6248.63565,-0.04473
6244.77847,-0.04493
6240.92129,-0.04515
6237.06411,-0.04535
6233.20693,-0.04555
6229.34974,-0.04575
6225.49256,-0.04592
6221.63538,-0.04609
6217.77820,-0.04624
6213.92101,-0.04639
6210.06383,-0.04655
6206.20665,-0.04671
6202.34947,-0.04688
6198.49228,-0.04706
6194.63510,-0.04726
6190.77792,-0.04748
6186.92074,-0.04768
6183.06355,-0.04785
6179.20637,-0.04804
6175.34919,-0.04822
6171.49201,-0.04837
6167.63482,-0.04850
6163.77764,-0.04863
6159.92046,-0.04876
6156.06328,-0.04886
6152.20609,-0.04896
6148.34891,-0.04904
6144.49173,-0.04914
6140.63455,-0.04925
6136.77737,-0.04934
6132.92018,-0.04942
6129.06300,-0.04949
6125.20582,-0.04956
6121.34864,-0.04965
6117.49145,-0.04974
6113.63427,-0.04982
6109.77709,-0.04988
6105.91991,-0.04991
6102.06272,-0.04994
6098.20554,-0.04997
6094.34836,-0.04997
6090.49118,-0.04995
6086.63399,-0.04993
6082.77681,-0.04986
6078.91963,-0.04973
6075.06245,-0.04957
6071.20526,-0.04941
6067.34808,-0.04925
6063.49090,-0.04907
6059.63372,-0.04888
6055.77653,-0.04873
6051.91935,-0.04858
6048.06217,-0.04840
6044.20499,-0.04816
6040.34781,-0.04784
6036.49062,-0.04743
6032.63344,-0.04695
6028.77626,-0.04639
6024.91908,-0.04573
6021.06189,-0.04502
6017.20471,-0.04428
6013.34753,-0.04350
6009.49035,-0.04272
6005.63316,-0.04198
6001.77598,-0.04133
5997.91880,-0.04077
5994.06162,-0.04030
5990.20443,-0.03992
5986.34725,-0.03959
5982.49007,-0.03926
5978.63289,-0.03883
5974.77570,-0.03829
5970.91852,-0.03766
5967.06134,-0.03695
5963.20416,-0.03616
5959.34698,-0.03529
5955.48979,-0.03434
5951.63261,-0.03331
5947.77543,-0.03219
5943.91825,-0.03096
5940.06106,-0.02960
5936.20388,-0.02807
5932.34670,-0.02634
5928.48952,-0.02441
5924.63233,-0.02226
5920.77515,-0.01993
5916.91797,-0.01754
5913.06079,-0.01521
5909.20360,-0.01310
5905.34642,-0.01133
5901.48924,-0.00983
5897.63206,-0.00834
5893.77487,-0.00658
5889.91769,-0.00435
5886.06051,-0.00166
5882.20333,0.00139
5878.34614,0.00464
5874.48896,0.00790
5870.63178,0.01096
5866.77460,0.01368
5862.91742,0.01605
5859.06023,0.01815
5855.20305,0.02010
5851.34587,0.02194
5847.48869,0.02367
5843.63150,0.02533
5839.77432,0.02693
5835.91714,0.02848
5832.05996,0.02996
5828.20277,0.03133
5824.34559,0.03255
5820.48841,0.03362
5816.63123,0.03456
5812.77404,0.03546
5808.91686,0.03632
5805.05968,0.03714
5801.20250,0.03791
5797.34531,0.03855
5793.48813,0.03891
5789.63095,0.03878
5785.77377,0.03797
5781.91658,0.03634
5778.05940,0.03391
5774.20222,0.03089
5770.34504,0.02757
5766.48786,0.02425
5762.63067,0.02109
5758.77349,0.01820
5754.91631,0.01565
5751.05913,0.01346
5747.20194,0.01168
5743.34476,0.01031
5739.48758,0.00934
5735.63040,0.00879
5731.77321,0.00866
5727.91603,0.00895
5724.05885,0.00959
5720.20167,0.01042
5716.34448,0.01135
5712.48730,0.01234
5708.63012,0.01338
5704.77294,0.01444
5700.91575,0.01549
5697.05857,0.01653
5693.20139,0.01755
5689.34421,0.01851
5685.48702,0.01933
5681.62984,0.01996
5677.77266,0.02027
5673.91548,0.02012
5670.05830,0.01942
5666.20111,0.01814
5662.34393,0.01638
5658.48675,0.01437
5654.62957,0.01234
5650.77238,0.01048
5646.91520,0.00886
5643.05802,0.00750
5639.20084,0.00632
5635.34365,0.00523
5631.48647,0.00418
5627.62929,0.00317
5623.77211,0.00220
5619.91492,0.00131
5616.05774,0.00047
5612.20056,-0.00029
5608.34338,-0.00095
5604.48619,-0.00152
5600.62901,-0.00202
5596.77183,-0.00248
5592.91465,-0.00288
5589.05747,-0.00323
5585.20028,-0.00356
5581.34310,-0.00389
5577.48592,-0.00423
5573.62874,-0.00454
5569.77155,-0.00485
5565.91437,-0.00516
5562.05719,-0.00551
5558.20001,-0.00589
5554.34282,-0.00631
5550.48564,-0.00673
5546.62846,-0.00714
5542.77128,-0.00753
5538.91409,-0.00789
5535.05691,-0.00822
5531.19973,-0.00852
5527.34255,-0.00878
5523.48536,-0.00902
5519.62818,-0.00926
5515.77100,-0.00954
5511.91382,-0.00982
5508.05663,-0.01009
5504.19945,-0.01038
5500.34227,-0.01073
5496.48509,-0.01114
5492.62791,-0.01159
5488.77072,-0.01207
5484.91354,-0.01255
5481.05636,-0.01303
5477.19918,-0.01348
5473.34199,-0.01394
5469.48481,-0.01439
5465.62763,-0.01482
5461.77045,-0.01522
5457.91326,-0.01562
5454.05608,-0.01599
5450.19890,-0.01632
5446.34172,-0.01667
5442.48453,-0.01705
5438.62735,-0.01743
5434.77017,-0.01782
5430.91299,-0.01821
5427.05580,-0.01864
5423.19862,-0.01908
5419.34144,-0.01949
5415.48426,-0.01987
5411.62707,-0.02026
5407.76989,-0.02066
5403.91271,-0.02099
5400.05553,-0.02124
5396.19835,-0.02144
5392.34116,-0.02158
5388.48398,-0.02168
5384.62680,-0.02173
5380.76962,-0.02175
5376.91243,-0.02174
5373.05525,-0.02172
5369.19807,-0.02167
5365.34089,-0.02156
5361.48370,-0.02135
5357.62652,-0.02103
5353.76934,-0.02063
5349.91216,-0.02017
5346.05497,-0.01962
5342.19779,-0.01897
5338.34061,-0.01822
5334.48343,-0.01736
5330.62624,-0.01635
5326.76906,-0.01515
5322.91188,-0.01380
5319.05470,-0.01230
5315.19752,-0.01063
5311.34033,-0.00873
5307.48315,-0.00661
5303.62597,-0.00426
5299.76879,-0.00166
5295.91160,0.00120
5292.05442,0.00435
5288.19724,0.00776
5284.34006,0.01134
5280.48287,0.01500
5276.62569,0.01871
5272.76851,0.02252
5268.91133,0.02643
5265.05414,0.03045
5261.19696,0.03446
5257.33978,0.03831
5253.48260,0.04203
5249.62541,0.04562
5245.76823,0.04909
5241.91105,0.05234
5238.05387,0.05530
5234.19668,0.05805
5230.33950,0.06068
5226.48232,0.06319
5222.62514,0.06553
5218.76796,0.06766
5214.91077,0.06957
5211.05359,0.07129
5207.19641,0.07291
5203.33923,0.07439
5199.48204,0.07566
5195.62486,0.07674
5191.76768,0.07764
5187.91050,0.07837
5184.05331,0.07892
5180.19613,0.07930
5176.33895,0.07952
5172.48177,0.07957
5168.62458,0.07946
5164.76740,0.07922
5160.91022,0.07886
5157.05304,0.07837
5153.19585,0.07780
5149.33867,0.07713
5145.48149,0.07636
5141.62431,0.07556
5137.76712,0.07474
5133.90994,0.07388
5130.05276,0.07298
5126.19558,0.07206
5122.33840,0.07112
5118.48121,0.07017
5114.62403,0.06922
5110.76685,0.06828
5106.90967,0.06735
5103.05248,0.06643
5099.19530,0.06553
5095.33812,0.06464
5091.48094,0.06372
5087.62375,0.06276
5083.76657,0.06183
5079.90939,0.06096
5076.05221,0.06010
5072.19502,0.05921
5068.33784,0.05833
5064.48066,0.05746
5060.62348,0.05660
5056.76629,0.05572
5052.90911,0.05481
5049.05193,0.05387
5045.19475,0.05291
5041.33756,0.05197
5037.48038,0.05103
5033.62320,0.05008
5029.76602,0.04914
5025.90884,0.04821
5022.05165,0.04731
5018.19447,0.04643
5014.33729,0.04555
5010.48011,0.04470
5006.62292,0.04387
5002.76574,0.04307
4998.90856,0.04233
4995.05138,0.04166
4991.19419,0.04103
4987.33701,0.04043
4983.47983,0.03987
4979.62265,0.03937
4975.76546,0.03887
4971.90828,0.03836
4968.05110,0.03787
4964.19392,0.03743
4960.33673,0.03706
4956.47955,0.03676
4952.62237,0.03656
4948.76519,0.03643
4944.90801,0.03639
4941.05082,0.03644
4937.19364,0.03658
4933.33646,0.03678
4929.47928,0.03704
4925.62209,0.03738
4921.76491,0.03777
4917.90773,0.03821
4914.05055,0.03871
4910.19336,0.03928
4906.33618,0.03988
4902.47900,0.04053
4898.62182,0.04122
4894.76463,0.04195
4890.90745,0.04271
4887.05027,0.04347
4883.19309,0.04420
4879.33590,0.04488
4875.47872,0.04549
4871.62154,0.04601
4867.76436,0.04643
4863.90717,0.04676
4860.04999,0.04697
4856.19281,0.04705
4852.33563,0.04705
4848.47845,0.04696
4844.62126,0.04682
4840.76408,0.04664
4836.90690,0.04646
4833.04972,0.04627
4829.19253,0.04607
4825.33535,0.04588
4821.47817,0.04571
4817.62099,0.04557
4813.76380,0.04546
4809.90662,0.04535
4806.04944,0.04523
4802.19226,0.04512
4798.33507,0.04506
4794.47789,0.04503
4790.62071,0.04503
4786.76353,0.04505
4782.90634,0.04510
4779.04916,0.04517
4775.19198,0.04528
4771.33480,0.04545
4767.47761,0.04569
4763.62043,0.04596
4759.76325,0.04625
4755.90607,0.04656
4752.04889,0.04690
4748.19170,0.04726
4744.33452,0.04762
4740.47734,0.04799
4736.62016,0.04841
4732.76297,0.04892
4728.90579,0.04948
4725.04861,0.05004
4721.19143,0.05052
4717.33424,0.05084
4713.47706,0.05106
4709.61988,0.05122
4705.76270,0.05131
4701.90551,0.05131
4698.04833,0.05129
4694.19115,0.05128
4690.33397,0.05133
4686.47678,0.05147
4682.61960,0.05170
4678.76242,0.05206
4674.90524,0.05260
4671.04805,0.05330
4667.19087,0.05403
4663.33369,0.05454
4659.47651,0.05455
4655.61933,0.05395
4651.76214,0.05289
4647.90496,0.05169
4644.04778,0.05066
4640.19060,0.04996
4636.33341,0.04952
4632.47623,0.04929
4628.61905,0.04920
4624.76187,0.04918
4620.90468,0.04918
4617.04750,0.04918
4613.19032,0.04916
4609.33314,0.04909
4605.47595,0.04896
4601.61877,0.04876
4597.76159,0.04852
4593.90441,0.04821
4590.04722,0.04785
4586.19004,0.04745
4582.33286,0.04701
4578.47568,0.04650
4574.61850,0.04592
4570.76131,0.04529
4566.90413,0.04464
4563.04695,0.04399
4559.18977,0.04337
4555.33258,0.04280
4551.47540,0.04230
4547.61822,0.04185
4543.76104,0.04146
4539.90385,0.04113
4536.04667,0.04083
4532.18949,0.04060
4528.33231,0.04043
4524.47512,0.04030
4520.61794,0.04026
4516.76076,0.04032
4512.90358,0.04047
4509.04639,0.04068
4505.18921,0.04096
4501.33203,0.04131
4497.47485,0.04173
4493.61766,0.04229
4489.76048,0.04304
4485.90330,0.04399
