7158.93070,-0.04681
7155.07352,-0.04669
7151.21634,-0.04646
7147.35915,-0.04608
7143.50197,-0.04560
7139.64479,-0.04509
7135.78761,-0.04456
7131.93042,-0.04399
7128.07324,-0.04334
7124.21606,-0.04262
7120.35888,-0.04182
7116.50169,-0.04101
7112.64451,-0.04025
7108.78733,-0.03948
7104.93015,-0.03865
7101.07296,-0.03780
7097.21578,-0.03691
7093.35860,-0.03603
7089.50142,-0.03518
7085.64423,-0.03433
7081.78705,-0.03349
7077.92987,-0.03274
7074.07269,-0.03206
7070.21550,-0.03146
7066.35832,-0.03095
7062.50114,-0.03051
7058.64396,-0.03006
7054.78678,-0.02961
7050.92959,-0.02916
7047.07241,-0.02868
7043.21523,-0.02818
7039.35805,-0.02769
7035.50086,-0.02722
7031.64368,-0.02678
7027.78650,-0.02634
7023.92932,-0.02589
7020.07213,-0.02544
7016.21495,-0.02499
7012.35777,-0.02455
7008.50059,-0.02410
7004.64340,-0.02366
7000.78622,-0.02325
6996.92904,-0.02286
6993.07186,-0.02245
6989.21467,-0.02206
6985.35749,-0.02170
6981.50031,-0.02135
6977.64313,-0.02104
6973.78595,-0.02076
6969.92876,-0.02053
6966.07158,-0.02032
6962.21440,-0.02012
6958.35722,-0.01993
6954.50003,-0.01975
6950.64285,-0.01962
6946.78567,-0.01954
6942.92849,-0.01946
6939.07130,-0.01936
6935.21412,-0.01927
6931.35694,-0.01920
6927.49976,-0.01914
6923.64257,-0.01908
6919.78539,-0.01900
6915.92821,-0.01896
6912.07103,-0.01897
6908.21384,-0.01897
6904.35666,-0.01893
6900.49948,-0.01892
6896.64230,-0.01892
6892.78511,-0.01889
6888.92793,-0.01886
6885.07075,-0.01887
6881.21357,-0.01888
6877.35639,-0.01888
6873.49920,-0.01887
6869.64202,-0.01886
6865.78484,-0.01884
6861.92766,-0.01882
6858.07047,-0.01882
6854.21329,-0.01882
6850.35611,-0.01880
6846.49893,-0.01878
6842.64174,-0.01877
6838.78456,-0.01879
6834.92738,-0.01879
6831.07020,-0.01880
6827.21301,-0.01884
6823.35583,-0.01889
6819.49865,-0.01894
6815.64147,-0.01898
6811.78428,-0.01902
6807.92710,-0.01910
6804.06992,-0.01918
6800.21274,-0.01925
6796.35555,-0.01935
6792.49837,-0.01946
6788.64119,-0.01955
6784.78401,-0.01964
6780.92683,-0.01977
6777.06964,-0.01991
6773.21246,-0.02005
6769.35528,-0.02019
6765.49810,-0.02032
6761.64091,-0.02045
6757.78373,-0.02056
6753.92655,-0.02067
6750.06937,-0.02079
6746.21218,-0.02091
6742.35500,-0.02103
6738.49782,-0.02115
6734.64064,-0.02125
6730.78345,-0.02137
6726.92627,-0.02148
6723.06909,-0.02156
6719.21191,-0.02164
6715.35472,-0.02174
6711.49754,-0.02183
6707.64036,-0.02191
6703.78318,-0.02200
6699.92599,-0.02213
6696.06881,-0.02226
6692.21163,-0.02240
6688.35445,-0.02254
6684.49727,-0.02268
6680.64008,-0.02285
6676.78290,-0.02304
6672.92572,-0.02321
6669.06854,-0.02334
6665.21135,-0.02349
6661.35417,-0.02366
6657.49699,-0.02384
6653.63981,-0.02403
6649.78262,-0.02423
6645.92544,-0.02442
6642.06826,-0.02458
6638.21108,-0.02474
6634.35389,-0.02493
6630.49671,-0.02510
6626.63953,-0.02530
6622.78235,-0.02550
6618.92516,-0.02566
6615.06798,-0.02584
6611.21080,-0.02606
6607.35362,-0.02627
6603.49644,-0.02644
6599.63925,-0.02662
6595.78207,-0.02682
6591.92489,-0.02706
6588.06771,-0.02730
6584.21052,-0.02752
6580.35334,-0.02771
6576.49616,-0.02791
6572.63898,-0.02812
6568.78179,-0.02834
6564.92461,-0.02855
6561.06743,-0.02876
6557.21025,-0.02897
6553.35306,-0.02917
6549.49588,-0.02935
6545.63870,-0.02955
6541.78152,-0.02976
6537.92433,-0.02998
6534.06715,-0.03020
6530.20997,-0.03041
6526.35279,-0.03059
6522.49560,-0.03078
6518.63842,-0.03097
6514.78124,-0.03116
6510.92406,-0.03136
6507.06688,-0.03158
6503.20969,-0.03180
6499.35251,-0.03203
6495.49533,-0.03224
6491.63815,-0.03244
6487.78096,-0.03265
6483.92378,-0.03290
6480.06660,-0.03316
6476.20942,-0.03340
6472.35223,-0.03363
6468.49505,-0.03387
6464.63787,-0.03410
6460.78069,-0.03435
6456.92350,-0.03460
6453.06632,-0.03483
6449.20914,-0.03504
6445.35196,-0.03524
6441.49477,-0.03543
6437.63759,-0.03561
6433.78041,-0.03578
6429.92323,-0.03594
6426.06604,-0.03610
6422.20886,-0.03625
6418.35168,-0.03640
6414.49450,-0.03654
6410.63732,-0.03669
6406.78013,-0.03682
6402.92295,-0.03694
6399.06577,-0.03706
6395.20859,-0.03717
6391.35140,-0.03727
6387.49422,-0.03738
6383.63704,-0.03747
6379.77986,-0.03755
6375.92267,-0.03763
6372.06549,-0.03773
6368.20831,-0.03785
6364.35113,-0.03798
6360.49394,-0.03811
6356.63676,-0.03824
6352.77958,-0.03836
6348.92240,-0.03848
6345.06521,-0.03864
6341.20803,-0.03882
6337.35085,-0.03901
6333.49367,-0.03919
6329.63648,-0.03935
6325.77930,-0.03951
6321.92212,-0.03966
6318.06494,-0.03981
6314.20776,-0.03998
6310.35057,-0.04017
6306.49339,-0.04036
6302.63621,-0.04053
6298.77903,-0.04068
6294.92184,-0.04084
6291.06466,-0.04102
6287.20748,-0.04122
6283.35030,-0.04144
6279.49311,-0.04165
6275.63593,-0.04184
6271.77875,-0.04204
6267.92157,-0.04225
6264.06438,-0.04245
6260.20720,-0.04265
6256.35002,-0.04286
6252.49284,-0.04309
6248.63565,-0.04331
6244.77847,-0.04351
6240.92129,-0.04369
6237.06411,-0.04387
6233.20693,-0.04407
6229.34974,-0.04428
6225.49256,-0.04447
6221.63538,-0.04464
6217.77820,-0.04481
6213.92101,-0.04496
6210.06383,-0.04513
6206.20665,-0.04530
6202.34947,-0.04547
6198.49228,-0.04563
6194.63510,-0.04582
6190.77792,-0.04602
6186.92074,-0.04621
6183.06355,-0.04638
6179.20637,-0.04655
6175.34919,-0.04670
6171.49201,-0.04683
6167.63482,-0.04696
6163.77764,-0.04710
6159.92046,-0.04722
6156.06328,-0.04733
6152.20609,-0.04745
6148.34891,-0.04757
6144.49173,-0.04768
6140.63455,-0.04778
6136.77737,-0.04787
6132.92018,-0.04797
6129.06300,-0.04806
6125.20582,-0.04814
6121.34864,-0.04822
6117.49145,-0.04831
6113.63427,-0.04840
6109.77709,-0.04847
6105.91991,-0.04854
6102.06272,-0.04860
6098.20554,-0.04865
6094.34836,-0.04868
6090.49118,-0.04866
6086.63399,-0.04862
6082.77681,-0.04858
6078.91963,-0.04851
6075.06245,-0.04841
6071.20526,-0.04829
6067.34808,-0.04814
6063.49090,-0.04799
6059.63372,-0.04787
6055.77653,-0.04775
6051.91935,-0.04761
6048.06217,-0.04745
6044.20499,-0.04724
6040.34781,-0.04695
6036.49062,-0.04658
6032.63344,-0.04614
6028.77626,-0.04563
6024.91908,-0.04504
6021.06189,-0.04439
6017.20471,-0.04368
6013.34753,-0.04295
6009.49035,-0.04225
6005.63316,-0.04159
6001.77598,-0.04099
5997.91880,-0.04048
5994.06162,-0.04004
5990.20443,-0.03964
5986.34725,-0.03927
5982.49007,-0.03888
5978.63289,-0.03843
5974.77570,-0.03790
5970.91852,-0.03728
5967.06134,-0.03657
5963.20416,-0.03577
5959.34698,-0.03489
5955.48979,-0.03396
5951.63261,-0.03295
5947.77543,-0.03186
5943.91825,-0.03068
5940.06106,-0.02937
5936.20388,-0.02791
5932.34670,-0.02627
5928.48952,-0.02445
5924.63233,-0.02243
5920.77515,-0.02024
5916.91797,-0.01797
5913.06079,-0.01577
5909.20360,-0.01379
5905.34642,-0.01212
5901.48924,-0.01069
5897.63206,-0.00929
5893.77487,-0.00764
5889.91769,-0.00555
5886.06051,-0.00299
5882.20333,-0.00008
5878.34614,0.00301
5874.48896,0.00610
5870.63178,0.00901
5866.77460,0.01158
5862.91742,0.01383
5859.06023,0.01584
5855.20305,0.01772
5851.34587,0.01951
5847.48869,0.02122
5843.63150,0.02282
5839.77432,0.02435
5835.91714,0.02584
5832.05996,0.02730
5828.20277,0.02866
5824.34559,0.02987
5820.48841,0.03091
5816.63123,0.03186
5812.77404,0.03276
5808.91686,0.03362
5805.05968,0.03444
5801.20250,0.03521
5797.34531,0.03587
5793.48813,0.03627
5789.63095,0.03624
5785.77377,0.03552
5781.91658,0.03393
5778.05940,0.03156
5774.20222,0.02864
5770.34504,0.02543
5766.48786,0.02220
5762.63067,0.01913
5758.77349,0.01632
5754.91631,0.01385
5751.05913,0.01177
5747.20194,0.01007
5743.34476,0.00876
5739.48758,0.00784
5735.63040,0.00730
5731.77321,0.00716
5727.91603,0.00742
5724.05885,0.00802
5720.20167,0.00881
5716.34448,0.00968
5712.48730,0.01058
5708.63012,0.01152
5704.77294,0.01248
5700.91575,0.01343
5697.05857,0.01440
5693.20139,0.01536
5689.34421,0.01628
5685.48702,0.01709
5681.62984,0.01766
5677.77266,0.01789
5673.91548,0.01768
5670.05830,0.01695
5666.20111,0.01566
5662.34393,0.01393
5658.48675,0.01197
5654.62957,0.00999
5650.77238,0.00818
5646.91520,0.00663
5643.05802,0.00530
5639.20084,0.00412
5635.34365,0.00303
5631.48647,0.00201
5627.62929,0.00104
5623.77211,0.00010
5619.91492,-0.00079
5616.05774,-0.00160
5612.20056,-0.00231
5608.34338,-0.00293
5604.48619,-0.00348
5600.62901,-0.00397
5596.77183,-0.00441
5592.91465,-0.00479
5589.05747,-0.00514
5585.20028,-0.00546
5581.34310,-0.00575
5577.48592,-0.00603
5573.62874,-0.00632
5569.77155,-0.00663
5565.91437,-0.00694
5562.05719,-0.00727
5558.20001,-0.00764
5554.34282,-0.00802
5550.48564,-0.00840
5546.62846,-0.00879
5542.77128,-0.00916
5538.91409,-0.00949
5535.05691,-0.00978
5531.19973,-0.01006
5527.34255,-0.01033
5523.48536,-0.01059
5519.62818,-0.01083
5515.77100,-0.01108
5511.91382,-0.01134
5508.05663,-0.01161
5504.19945,-0.01191
5500.34227,-0.01225
5496.48509,-0.01261
5492.62791,-0.01301
5488.77072,-0.01347
5484.91354,-0.01398
5481.05636,-0.01445
5477.19918,-0.01487
5473.34199,-0.01531
5469.48481,-0.01576
5465.62763,-0.01618
5461.77045,-0.01657
5457.91326,-0.01698
5454.05608,-0.01736
5450.19890,-0.01765
5446.34172,-0.01793
5442.48453,-0.01830
5438.62735,-0.01871
5434.77017,-0.01910
5430.91299,-0.01947
5427.05580,-0.01991
5423.19862,-0.02039
5419.34144,-0.02078
5415.48426,-0.02107
5411.62707,-0.02141
5407.76989,-0.02185
5403.91271,-0.02224
5400.05553,-0.02249
5396.19835,-0.02264
5392.34116,-0.02280
5388.48398,-0.02294
5384.62680,-0.02302
5380.76962,-0.02303
5376.91243,-0.02300
5373.05525,-0.02301
5369.19807,-0.02300
5365.34089,-0.02288
5361.48370,-0.02267
5357.62652,-0.02236
5353.76934,-0.02194
5349.91216,-0.02147
5346.05497,-0.02093
5342.19779,-0.02031
5338.34061,-0.01961
5334.48343,-0.01885
5330.62624,-0.01796
5326.76906,-0.01688
5322.91188,-0.01564
5319.05470,-0.01422
5315.19752,-0.01262
5311.34033,-0.01080
5307.48315,-0.00875
5303.62597,-0.00648
5299.76879,-0.00399
5295.91160,-0.00123
5292.05442,0.00183
5288.19724,0.00510
5284.34006,0.00849
5280.48287,0.01200
5276.62569,0.01564
5272.76851,0.01938
5268.91133,0.02322
5265.05414,0.02714
5261.19696,0.03103
5257.33978,0.03483
5253.48260,0.03855
5249.62541,0.04213
5245.76823,0.04551
5241.91105,0.04866
5238.05387,0.05163
5234.19668,0.05448
5230.33950,0.05718
5226.48232,0.05972
5222.62514,0.06203
5218.76796,0.06413
5214.91077,0.06608
5211.05359,0.06790
5207.19641,0.06958
5203.33923,0.07102
5199.48204,0.07226
5195.62486,0.07337
5191.76768,0.07434
5187.91050,0.07514
5184.05331,0.07576
5180.19613,0.07621
5176.33895,0.07650
5172.48177,0.07667
5168.62458,0.07666
5164.76740,0.07647
5160.91022,0.07614
5157.05304,0.07570
5153.19585,0.07516
5149.33867,0.07452
5145.48149,0.07383
5141.62431,0.07309
5137.76712,0.07232
5133.90994,0.07149
5130.05276,0.07065
5126.19558,0.06983
5122.33840,0.06898
5118.48121,0.06806
5114.62403,0.06711
5110.76685,0.06620
5106.90967,0.06530
5103.05248,0.06440
5099.19530,0.06353
5095.33812,0.06270
5091.48094,0.06188
5087.62375,0.06108
5083.76657,0.06029
5079.90939,0.05955
5076.05221,0.05881
5072.19502,0.05805
5068.33784,0.05729
5064.48066,0.05649
5060.62348,0.05568
5056.76629,0.05487
5052.90911,0.05405
5049.05193,0.05320
5045.19475,0.05233
5041.33756,0.05142
5037.48038,0.05048
5033.62320,0.04955
5029.76602,0.04866
5025.90884,0.04779
5022.05165,0.04690
5018.19447,0.04600
5014.33729,0.04512
5010.48011,0.04428
5006.62292,0.04347
5002.76574,0.04269
4998.90856,0.04197
4995.05138,0.04131
4991.19419,0.04068
4987.33701,0.04009
4983.47983,0.03953
4979.62265,0.03902
4975.76546,0.03858
4971.90828,0.03817
4968.05110,0.03776
4964.19392,0.03740
4960.33673,0.03709
4956.47955,0.03683
4952.62237,0.03668
4948.76519,0.03664
4944.90801,0.03668
4941.05082,0.03679
4937.19364,0.03700
4933.33646,0.03730
4929.47928,0.03769
4925.62209,0.03814
4921.76491,0.03865
4917.90773,0.03924
4914.05055,0.03989
4910.19336,0.04061
4906.33618,0.04139
4902.47900,0.04223
4898.62182,0.04310
4894.76463,0.04399
4890.90745,0.04489
4887.05027,0.04579
4883.19309,0.04669
4879.33590,0.04754
4875.47872,0.04830
4871.62154,0.04897
4867.76436,0.04950
4863.90717,0.04984
4860.04999,0.05001
4856.19281,0.05007
4852.33563,0.05001
4848.47845,0.04985
4844.62126,0.04961
4840.76408,0.04933
4836.90690,0.04905
4833.04972,0.04880
4829.19253,0.04852
4825.33535,0.04823
4821.47817,0.04795
4817.62099,0.04771
4813.76380,0.04749
4809.90662,0.04730
4806.04944,0.04716
4802.19226,0.04704
4798.33507,0.04693
4794.47789,0.04683
4790.62071,0.04676
4786.76353,0.04674
4782.90634,0.04678
4779.04916,0.04686
4775.19198,0.04700
4771.33480,0.04719
4767.47761,0.04738
4763.62043,0.04761
4759.76325,0.04787
4755.90607,0.04816
4752.04889,0.04847
4748.19170,0.04881
4744.33452,0.04919
4740.47734,0.04959
4736.62016,0.05004
4732.76297,0.05054
4728.90579,0.05108
4725.04861,0.05161
4721.19143,0.05207
4717.33424,0.05244
4713.47706,0.05272
4709.61988,0.05294
4705.76270,0.05307
4701.90551,0.05314
4698.04833,0.05321
4694.19115,0.05328
4690.33397,0.05341
4686.47678,0.05365
4682.61960,0.05403
4678.76242,0.05454
4674.90524,0.05516
4671.04805,0.05591
4667.19087,0.05669
4663.33369,0.05726
4659.47651,0.05737
4655.61933,0.05698
4651.76214,0.05620
4647.90496,0.05531
4644.04778,0.05456
4640.19060,0.05407
4636.33341,0.05384
4632.47623,0.05379
4628.61905,0.05385
4624.76187,0.05398
4620.90468,0.05413
4617.04750,0.05424
4613.19032,0.05428
4609.33314,0.05425
4605.47595,0.05416
4601.61877,0.05401
4597.76159,0.05380
4593.90441,0.05351
4590.04722,0.05319
4586.19004,0.05284
4582.33286,0.05244
4578.47568,0.05196
4574.61850,0.05139
4570.76131,0.05076
4566.90413,0.05011
4563.04695,0.04948
4559.18977,0.04889
4555.33258,0.04832
4551.47540,0.04779
4547.61822,0.04733
4543.76104,0.04691
4539.90385,0.04648
4536.04667,0.04609
4532.18949,0.04576
4528.33231,0.04549
4524.47512,0.04529
4520.61794,0.04516
4516.76076,0.04510
4512.90358,0.04509
4509.04639,0.04511
4505.18921,0.04521
4501.33203,0.04539
4497.47485,0.04566
4493.61766,0.04607
4489.76048,0.04663
4485.90330,0.04738
