7158.93070,-0.04417
7155.07352,-0.04407
7151.21634,-0.04379
7147.35915,-0.04334
7143.50197,-0.04278
7139.64479,-0.04219
7135.78761,-0.04163
7131.93042,-0.04106
7128.07324,-0.04036
7124.21606,-0.03955
7120.35888,-0.03868
7116.50169,-0.03784
7112.64451,-0.03707
7108.78733,-0.03624
7104.93015,-0.03535
7101.07296,-0.03447
7097.21578,-0.03355
7093.35860,-0.03262
7089.50142,-0.03172
7085.64423,-0.03082
7081.78705,-0.02995
7077.92987,-0.02917
7074.07269,-0.02844
7070.21550,-0.02780
7066.35832,-0.02731
7062.50114,-0.02689
7058.64396,-0.02646
7054.78678,-0.02600
7050.92959,-0.02552
7047.07241,-0.02503
7043.21523,-0.02456
7039.35805,-0.02412
7035.50086,-0.02365
7031.64368,-0.02315
7027.78650,-0.02267
7023.92932,-0.02226
7020.07213,-0.02186
7016.21495,-0.02141
7012.35777,-0.02095
7008.50059,-0.02052
7004.64340,-0.02012
7000.78622,-0.01975
6996.92904,-0.01938
6993.07186,-0.01902
6989.21467,-0.01864
6985.35749,-0.01826
6981.50031,-0.01795
6977.64313,-0.01772
6973.78595,-0.01750
6969.92876,-0.01725
6966.07158,-0.01702
6962.21440,-0.01686
6958.35722,-0.01672
6954.50003,-0.01658
6950.64285,-0.01644
6946.78567,-0.01632
6942.92849,-0.01624
6939.07130,-0.01620
6935.21412,-0.01615
6931.35694,-0.01609
6927.49976,-0.01605
6923.64257,-0.01602
6919.78539,-0.01597
6915.92821,-0.01593
6912.07103,-0.01593
6908.21384,-0.01594
6904.35666,-0.01595
6900.49948,-0.01596
6896.64230,-0.01596
6892.78511,-0.01596
6888.92793,-0.01598
6885.07075,-0.01600
6881.21357,-0.01601
6877.35639,-0.01604
6873.49920,-0.01608
6869.64202,-0.01609
6865.78484,-0.01611
6861.92766,-0.01613
6858.07047,-0.01614
6854.21329,-0.01617
6850.35611,-0.01620
6846.49893,-0.01621
6842.64174,-0.01620
6838.78456,-0.01622
6834.92738,-0.01627
6831.07020,-0.01633
6827.21301,-0.01637
6823.35583,-0.01641
6819.49865,-0.01648
6815.64147,-0.01659
6811.78428,-0.01671
6807.92710,-0.01682
6804.06992,-0.01691
6800.21274,-0.01700
6796.35555,-0.01709
6792.49837,-0.01721
6788.64119,-0.01736
6784.78401,-0.01753
6780.92683,-0.01768
6777.06964,-0.01784
6773.21246,-0.01801
6769.35528,-0.01817
6765.49810,-0.01832
6761.64091,-0.01850
6757.78373,-0.01868
6753.92655,-0.01885
6750.06937,-0.01902
6746.21218,-0.01922
6742.35500,-0.01942
6738.49782,-0.01960
6734.64064,-0.01978
6730.78345,-0.01995
6726.92627,-0.02009
6723.06909,-0.02022
6719.21191,-0.02037
6715.35472,-0.02054
6711.49754,-0.02069
6707.64036,-0.02083
6703.78318,-0.02098
6699.92599,-0.02114
6696.06881,-0.02129
6692.21163,-0.02147
6688.35445,-0.02167
6684.49727,-0.02187
6680.64008,-0.02206
6676.78290,-0.02226
6672.92572,-0.02247
6669.06854,-0.02268
6665.21135,-0.02292
6661.35417,-0.02317
6657.49699,-0.02340
6653.63981,-0.02362
6649.78262,-0.02384
6645.92544,-0.02403
6642.06826,-0.02422
6638.21108,-0.02442
6634.35389,-0.02465
6630.49671,-0.02489
6626.63953,-0.02510
6622.78235,-0.02529
6618.92516,-0.02549
6615.06798,-0.02573
6611.21080,-0.02598
6607.35362,-0.02623
6603.49644,-0.02647
6599.63925,-0.02669
6595.78207,-0.02692
6591.92489,-0.02717
6588.06771,-0.02743
6584.21052,-0.02767
6580.35334,-0.02788
6576.49616,-0.02811
6572.63898,-0.02835
6568.78179,-0.02859
6564.92461,-0.02882
6561.06743,-0.02903
6557.21025,-0.02923
6553.35306,-0.02946
6549.49588,-0.02970
6545.63870,-0.02993
6541.78152,-0.03013
6537.92433,-0.03033
6534.06715,-0.03055
6530.20997,-0.03076
6526.35279,-0.03098
6522.49560,-0.03119
6518.63842,-0.03141
6514.78124,-0.03163
6510.92406,-0.03184
6507.06688,-0.03206
6503.20969,-0.03226
6499.35251,-0.03245
6495.49533,-0.03266
6491.63815,-0.03290
6487.78096,-0.03317
6483.92378,-0.03345
6480.06660,-0.03372
6476.20942,-0.03396
6472.35223,-0.03419
6468.49505,-0.03442
6464.63787,-0.03464
6460.78069,-0.03487
6456.92350,-0.03512
6453.06632,-0.03537
6449.20914,-0.03558
6445.35196,-0.03579
6441.49477,-0.03598
6437.63759,-0.03619
6433.78041,-0.03639
6429.92323,-0.03659
6426.06604,-0.03678
6422.20886,-0.03696
6418.35168,-0.03712
6414.49450,-0.03728
6410.63732,-0.03744
6406.78013,-0.03760
6402.92295,-0.03775
6399.06577,-0.03787
6395.20859,-0.03800
6391.35140,-0.03811
6387.49422,-0.03823
6383.63704,-0.03835
6379.77986,-0.03846
6375.92267,-0.03858
6372.06549,-0.03869
6368.20831,-0.03881
6364.35113,-0.03894
6360.49394,-0.03909
6356.63676,-0.03926
6352.77958,-0.03942
6348.92240,-0.03958
6345.06521,-0.03973
6341.20803,-0.03991
6337.35085,-0.04010
6333.49367,-0.04030
6329.63648,-0.04048
6325.77930,-0.04064
6321.92212,-0.04081
6318.06494,-0.04100
6314.20776,-0.04120
6310.35057,-0.04138
6306.49339,-0.04155
6302.63621,-0.04173
6298.77903,-0.04192
6294.92184,-0.04212
6291.06466,-0.04230
6287.20748,-0.04249
6283.35030,-0.04270
6279.49311,-0.04292
6275.63593,-0.04314
6271.77875,-0.04335
6267.92157,-0.04356
6264.06438,-0.04376
6260.20720,-0.04396
6256.35002,-0.04417
6252.49284,-0.04440
6248.63565,-0.04462
6244.77847,-0.04481
6240.92129,-0.04501
6237.06411,-0.04522
6233.20693,-0.04542
6229.34974,-0.04560
6225.49256,-0.04577
6221.63538,-0.04594
6217.77820,-0.04612
6213.92101,-0.04631
6210.06383,-0.04648
6206.20665,-0.04664
6202.34947,-0.04679
6198.49228,-0.04696
6194.63510,-0.04716
6190.77792,-0.04735
6186.92074,-0.04754
6183.06355,-0.04773
6179.20637,-0.04791
6175.34919,-0.04807
6171.49201,-0.04822
6167.63482,-0.04835
6163.77764,-0.04848
6159.92046,-0.04861
6156.06328,-0.04874
6152.20609,-0.04888
6148.34891,-0.04898
6144.49173,-0.04906
6140.63455,-0.04915
6136.77737,-0.04924
6132.92018,-0.04933
6129.06300,-0.04941
6125.20582,-0.04951
6121.34864,-0.04961
6117.49145,-0.04971
6113.63427,-0.04980
6109.77709,-0.04989
6105.91991,-0.04996
6102.06272,-0.05001
6098.20554,-0.05002
6094.34836,-0.05002
6090.49118,-0.05003
6086.63399,-0.05002
6082.77681,-0.04998
6078.91963,-0.04988
6075.06245,-0.04975
6071.20526,-0.04961
6067.34808,-0.04947
6063.49090,-0.04933
6059.63372,-0.04919
6055.77653,-0.04904
6051.91935,-0.04889
6048.06217,-0.04873
6044.20499,-0.04853
6040.34781,-0.04825
6036.49062,-0.04790
6032.63344,-0.04747
6028.77626,-0.04695
6024.91908,-0.04636
6021.06189,-0.04570
6017.20471,-0.04501
6013.34753,-0.04430
6009.49035,-0.04360
6005.63316,-0.04292
6001.77598,-0.04232
5997.91880,-0.04181
5994.06162,-0.04138
5990.20443,-0.04103
5986.34725,-0.04071
5982.49007,-0.04038
5978.63289,-0.03996
5974.77570,-0.03945
5970.91852,-0.03885
5967.06134,-0.03817
5963.20416,-0.03743
5959.34698,-0.03660
5955.48979,-0.03572
5951.63261,-0.03475
5947.77543,-0.03368
5943.91825,-0.03249
5940.06106,-0.03117
5936.20388,-0.02971
5932.34670,-0.02805
5928.48952,-0.02619
5924.63233,-0.02413
5920.77515,-0.02192
5916.91797,-0.01962
5913.06079,-0.01738
5909.20360,-0.01537
5905.34642,-0.01366
5901.48924,-0.01220
5897.63206,-0.01079
5893.77487,-0.00910
5889.91769,-0.00696
5886.06051,-0.00436
5882.20333,-0.00139
5878.34614,0.00179
5874.48896,0.00497
5870.63178,0.00793
5866.77460,0.01056
5862.91742,0.01286
5859.06023,0.01493
5855.20305,0.01685
5851.34587,0.01864
5847.48869,0.02032
5843.63150,0.02192
5839.77432,0.02347
5835.91714,0.02499
5832.05996,0.02646
5828.20277,0.02782
5824.34559,0.02904
5820.48841,0.03012
5816.63123,0.03110
5812.77404,0.03199
5808.91686,0.03285
5805.05968,0.03368
5801.20250,0.03445
5797.34531,0.03510
5793.48813,0.03550
5789.63095,0.03540
5785.77377,0.03460
5781.91658,0.03299
5778.05940,0.03062
5774.20222,0.02766
5770.34504,0.02440
5766.48786,0.02111
5762.63067,0.01798
5758.77349,0.01513
5754.91631,0.01263
5751.05913,0.01050
5747.20194,0.00877
5743.34476,0.00743
5739.48758,0.00649
5735.63040,0.00595
5731.77321,0.00583
5727.91603,0.00612
5724.05885,0.00675
5720.20167,0.00760
5716.34448,0.00853
5712.48730,0.00950
5708.63012,0.01050
5704.77294,0.01153
5700.91575,0.01257
5697.05857,0.01358
5693.20139,0.01458
5689.34421,0.01551
5685.48702,0.01632
5681.62984,0.01695
5677.77266,0.01725
5673.91548,0.01706
5670.05830,0.01630
5666.20111,0.01503
5662.34393,0.01335
5658.48675,0.01139
5654.62957,0.00936
5650.77238,0.00750
5646.91520,0.00594
5643.05802,0.00462
5639.20084,0.00346
5635.34365,0.00237
5631.48647,0.00134
5627.62929,0.00035
5623.77211,-0.00060
5619.91492,-0.00148
5616.05774,-0.00229
5612.20056,-0.00302
5608.34338,-0.00368
5604.48619,-0.00425
5600.62901,-0.00474
5596.77183,-0.00518
5592.91465,-0.00558
5589.05747,-0.00594
5585.20028,-0.00626
5581.34310,-0.00656
5577.48592,-0.00684
5573.62874,-0.00713
5569.77155,-0.00744
5565.91437,-0.00775
5562.05719,-0.00808
5558.20001,-0.00844
5554.34282,-0.00882
5550.48564,-0.00921
5546.62846,-0.00961
5542.77128,-0.00999
5538.91409,-0.01031
5535.05691,-0.01061
5531.19973,-0.01091
5527.34255,-0.01119
5523.48536,-0.01144
5519.62818,-0.01168
5515.77100,-0.01193
5511.91382,-0.01220
5508.05663,-0.01246
5504.19945,-0.01277
5500.34227,-0.01313
5496.48509,-0.01347
5492.62791,-0.01385
5488.77072,-0.01434
5484.91354,-0.01489
5481.05636,-0.01535
5477.19918,-0.01575
5473.34199,-0.01617
5469.48481,-0.01663
5465.62763,-0.01704
5461.77045,-0.01743
5457.91326,-0.01782
5454.05608,-0.01818
5450.19890,-0.01846
5446.34172,-0.01873
5442.48453,-0.01909
5438.62735,-0.01950
5434.77017,-0.01988
5430.91299,-0.02025
5427.05580,-0.02068
5423.19862,-0.02115
5419.34144,-0.02151
5415.48426,-0.02177
5411.62707,-0.02209
5407.76989,-0.02251
5403.91271,-0.02289
5400.05553,-0.02313
5396.19835,-0.02327
5392.34116,-0.02339
5388.48398,-0.02347
5384.62680,-0.02348
5380.76962,-0.02345
5376.91243,-0.02338
5373.05525,-0.02333
5369.19807,-0.02326
5365.34089,-0.02308
5361.48370,-0.02278
5357.62652,-0.02237
5353.76934,-0.02185
5349.91216,-0.02128
5346.05497,-0.02063
5342.19779,-0.01986
5338.34061,-0.01903
5334.48343,-0.01814
5330.62624,-0.01708
5326.76906,-0.01582
5322.91188,-0.01440
5319.05470,-0.01279
5315.19752,-0.01095
5311.34033,-0.00886
5307.48315,-0.00651
5303.62597,-0.00395
5299.76879,-0.00117
5295.91160,0.00188
5292.05442,0.00526
5288.19724,0.00887
5284.34006,0.01258
5280.48287,0.01636
5276.62569,0.02024
5272.76851,0.02421
5268.91133,0.02826
5265.05414,0.03244
5261.19696,0.03656
5257.33978,0.04047
5253.48260,0.04425
5249.62541,0.04791
5245.76823,0.05142
5241.91105,0.05463
5238.05387,0.05757
5234.19668,0.06038
5230.33950,0.06306
5226.48232,0.06556
5222.62514,0.06785
5218.76796,0.06988
5214.91077,0.07175
5211.05359,0.07352
5207.19641,0.07516
5203.33923,0.07657
5199.48204,0.07771
5195.62486,0.07874
5191.76768,0.07969
5187.91050,0.08048
5184.05331,0.08104
5180.19613,0.08139
5176.33895,0.08158
5172.48177,0.08161
5168.62458,0.08151
5164.76740,0.08126
5160.91022,0.08088
5157.05304,0.08042
5153.19585,0.07985
5149.33867,0.07916
5145.48149,0.07842
5141.62431,0.07765
5137.76712,0.07683
5133.90994,0.07599
5130.05276,0.07512
5126.19558,0.07418
5122.33840,0.07319
5118.48121,0.07222
5114.62403,0.07127
5110.76685,0.07031
5106.90967,0.06938
5103.05248,0.06846
5099.19530,0.06751
5095.33812,0.06656
5091.48094,0.06567
5087.62375,0.06481
5083.76657,0.06394
5079.90939,0.06306
5076.05221,0.06220
5072.19502,0.06134
5068.33784,0.06045
5064.48066,0.05952
5060.62348,0.05862
5056.76629,0.05774
5052.90911,0.05680
5049.05193,0.05582
5045.19475,0.05484
5041.33756,0.05385
5037.48038,0.05289
5033.62320,0.05195
5029.76602,0.05099
5025.90884,0.05001
5022.05165,0.04904
5018.19447,0.04807
5014.33729,0.04715
5010.48011,0.04629
5006.62292,0.04546
5002.76574,0.04466
4998.90856,0.04388
4995.05138,0.04315
4991.19419,0.04245
4987.33701,0.04179
4983.47983,0.04120
4979.62265,0.04064
4975.76546,0.04010
4971.90828,0.03959
4968.05110,0.03909
4964.19392,0.03861
4960.33673,0.03820
4956.47955,0.03787
4952.62237,0.03762
4948.76519,0.03745
4944.90801,0.03738
4941.05082,0.03739
4937.19364,0.03747
4933.33646,0.03764
4929.47928,0.03790
4925.62209,0.03822
4921.76491,0.03857
4917.90773,0.03897
4914.05055,0.03945
4910.19336,0.03999
4906.33618,0.04061
4902.47900,0.04126
4898.62182,0.04189
4894.76463,0.04256
4890.90745,0.04329
4887.05027,0.04404
4883.19309,0.04474
4879.33590,0.04540
4875.47872,0.04598
4871.62154,0.04645
4867.76436,0.04683
4863.90717,0.04708
4860.04999,0.04719
4856.19281,0.04719
4852.33563,0.04712
4848.47845,0.04698
4844.62126,0.04678
4840.76408,0.04656
4836.90690,0.04631
4833.04972,0.04604
4829.19253,0.04577
4825.33535,0.04553
4821.47817,0.04531
4817.62099,0.04507
4813.76380,0.04485
4809.90662,0.04466
4806.04944,0.04451
4802.19226,0.04439
4798.33507,0.04430
4794.47789,0.04425
4790.62071,0.04423
4786.76353,0.04422
4782.90634,0.04425
4779.04916,0.04430
4775.19198,0.04436
4771.33480,0.04445
4767.47761,0.04462
4763.62043,0.04487
4759.76325,0.04514
4755.90607,0.04542
4752.04889,0.04570
4748.19170,0.04601
4744.33452,0.04635
4740.47734,0.04672
4736.62016,0.04714
4732.76297,0.04763
4728.90579,0.04817
4725.04861,0.04868
4721.19143,0.04911
4717.33424,0.04945
4713.47706,0.04971
4709.61988,0.04990
4705.76270,0.05000
4701.90551,0.05003
4698.04833,0.05002
4694.19115,0.05003
4690.33397,0.05011
4686.47678,0.05030
4682.61960,0.05058
4678.76242,0.05100
4674.90524,0.05159
4671.04805,0.05232
4667.19087,0.05302
4663.33369,0.05349
4659.47651,0.05355
4655.61933,0.05309
4651.76214,0.05223
4647.90496,0.05125
4644.04778,0.05039
4640.19060,0.04978
4636.33341,0.04940
4632.47623,0.04919
4628.61905,0.04913
4624.76187,0.04917
4620.90468,0.04924
4617.04750,0.04928
4613.19032,0.04926
4609.33314,0.04920
4605.47595,0.04908
4601.61877,0.04890
4597.76159,0.04867
4593.90441,0.04838
4590.04722,0.04806
4586.19004,0.04769
4582.33286,0.04728
4578.47568,0.04680
4574.61850,0.04624
4570.76131,0.04562
4566.90413,0.04495
4563.04695,0.04431
4559.18977,0.04372
4555.33258,0.04315
4551.47540,0.04262
4547.61822,0.04214
4543.76104,0.04171
4539.90385,0.04133
4536.04667,0.04100
4532.18949,0.04070
4528.33231,0.04044
4524.47512,0.04026
4520.61794,0.04017
4516.76076,0.04015
4512.90358,0.04019
4509.04639,0.04030
4505.18921,0.04048
4501.33203,0.04072
4497.47485,0.04106
4493.61766,0.04153
4489.76048,0.04218
4485.90330,0.04300
