  -0.04681	  -0.04488	  -0.04417	  -0.04684	  -0.04664
  -0.04669	  -0.04466	  -0.04407	  -0.04670	  -0.04646
  -0.04646	  -0.04440	  -0.04379	  -0.04643	  -0.04621
  -0.04608	  -0.04409	  -0.04334	  -0.04605	  -0.04588
  -0.04560	  -0.04369	  -0.04278	  -0.04556	  -0.04542
  -0.04509	  -0.04315	  -0.04219	  -0.04500	  -0.04488
  -0.04456	  -0.04251	  -0.04163	  -0.04439	  -0.04430
  -0.04399	  -0.04184	  -0.04106	  -0.04375	  -0.04364
  -0.04334	  -0.04118	  -0.04036	  -0.04305	  -0.04293
  -0.04262	  -0.04052	  -0.03955	  -0.04229	  -0.04221
  -0.04182	  -0.03977	  -0.03868	  -0.04147	  -0.04145
  -0.04101	  -0.03896	  -0.03784	  -0.04061	  -0.04066
  -0.04025	  -0.03816	  -0.03707	  -0.03976	  -0.03984
  -0.03948	  -0.03735	  -0.03624	  -0.03886	  -0.03898
  -0.03865	  -0.03651	  -0.03535	  -0.03792	  -0.03809
  -0.03780	  -0.03565	  -0.03447	  -0.03699	  -0.03719
  -0.03691	  -0.03477	  -0.03355	  -0.03605	  -0.03628
  -0.03603	  -0.03383	  -0.03262	  -0.03510	  -0.03537
  -0.03518	  -0.03291	  -0.03172	  -0.03415	  -0.03444
  -0.03433	  -0.03204	  -0.03082	  -0.03321	  -0.03349
  -0.03349	  -0.03122	  -0.02995	  -0.03230	  -0.03261
  -0.03274	  -0.03045	  -0.02917	  -0.03147	  -0.03182
  -0.03206	  -0.02976	  -0.02844	  -0.03073	  -0.03113
  -0.03146	  -0.02917	  -0.02780	  -0.03009	  -0.03052
  -0.03095	  -0.02862	  -0.02731	  -0.02956	  -0.02997
  -0.03051	  -0.02811	  -0.02689	  -0.02910	  -0.02949
  -0.03006	  -0.02767	  -0.02646	  -0.02865	  -0.02902
  -0.02961	  -0.02728	  -0.02600	  -0.02820	  -0.02857
  -0.02916	  -0.02685	  -0.02552	  -0.02774	  -0.02812
  -0.02868	  -0.02638	  -0.02503	  -0.02725	  -0.02767
  -0.02818	  -0.02589	  -0.02456	  -0.02675	  -0.02719
  -0.02769	  -0.02538	  -0.02412	  -0.02624	  -0.02669
  -0.02722	  -0.02489	  -0.02365	  -0.02576	  -0.02618
  -0.02678	  -0.02445	  -0.02315	  -0.02528	  -0.02569
  -0.02634	  -0.02400	  -0.02267	  -0.02478	  -0.02521
  -0.02589	  -0.02355	  -0.02226	  -0.02431	  -0.02474
  -0.02544	  -0.02311	  -0.02186	  -0.02388	  -0.02429
  -0.02499	  -0.02269	  -0.02141	  -0.02346	  -0.02385
  -0.02455	  -0.02224	  -0.02095	  -0.02299	  -0.02340
  -0.02410	  -0.02178	  -0.02052	  -0.02252	  -0.02295
  -0.02366	  -0.02136	  -0.02012	  -0.02206	  -0.02251
  -0.02325	  -0.02098	  -0.01975	  -0.02164	  -0.02210
  -0.02286	  -0.02061	  -0.01938	  -0.02122	  -0.02168
  -0.02245	  -0.02023	  -0.01902	  -0.02082	  -0.02128
  -0.02206	  -0.01986	  -0.01864	  -0.02044	  -0.02091
  -0.02170	  -0.01952	  -0.01826	  -0.02010	  -0.02056
  -0.02135	  -0.01921	  -0.01795	  -0.01977	  -0.02023
  -0.02104	  -0.01892	  -0.01772	  -0.01946	  -0.01991
  -0.02076	  -0.01862	  -0.01750	  -0.01918	  -0.01961
  -0.02053	  -0.01835	  -0.01725	  -0.01894	  -0.01935
  -0.02032	  -0.01814	  -0.01702	  -0.01871	  -0.01913
  -0.02012	  -0.01798	  -0.01686	  -0.01850	  -0.01893
  -0.01993	  -0.01784	  -0.01672	  -0.01833	  -0.01877
  -0.01975	  -0.01771	  -0.01658	  -0.01822	  -0.01863
  -0.01962	  -0.01757	  -0.01644	  -0.01812	  -0.01854
  -0.01954	  -0.01743	  -0.01632	  -0.01802	  -0.01846
  -0.01946	  -0.01732	  -0.01624	  -0.01793	  -0.01836
  -0.01936	  -0.01726	  -0.01620	  -0.01785	  -0.01825
  -0.01927	  -0.01721	  -0.01615	  -0.01775	  -0.01815
  -0.01920	  -0.01714	  -0.01609	  -0.01767	  -0.01807
  -0.01914	  -0.01709	  -0.01605	  -0.01761	  -0.01802
  -0.01908	  -0.01708	  -0.01602	  -0.01758	  -0.01798
  -0.01900	  -0.01707	  -0.01597	  -0.01754	  -0.01795
  -0.01896	  -0.01704	  -0.01593	  -0.01751	  -0.01792
  -0.01897	  -0.01702	  -0.01593	  -0.01749	  -0.01791
  -0.01897	  -0.01704	  -0.01594	  -0.01748	  -0.01791
  -0.01893	  -0.01705	  -0.01595	  -0.01748	  -0.01789
  -0.01892	  -0.01704	  -0.01596	  -0.01750	  -0.01788
  -0.01892	  -0.01706	  -0.01596	  -0.01754	  -0.01788
  -0.01889	  -0.01710	  -0.01596	  -0.01756	  -0.01789
  -0.01886	  -0.01710	  -0.01598	  -0.01756	  -0.01790
  -0.01887	  -0.01708	  -0.01600	  -0.01756	  -0.01794
  -0.01888	  -0.01708	  -0.01601	  -0.01759	  -0.01797
  -0.01888	  -0.01713	  -0.01604	  -0.01764	  -0.01798
  -0.01887	  -0.01717	  -0.01608	  -0.01765	  -0.01797
  -0.01886	  -0.01715	  -0.01609	  -0.01764	  -0.01799
  -0.01884	  -0.01714	  -0.01611	  -0.01764	  -0.01802
  -0.01882	  -0.01714	  -0.01613	  -0.01766	  -0.01801
  -0.01882	  -0.01715	  -0.01614	  -0.01767	  -0.01799
  -0.01882	  -0.01717	  -0.01617	  -0.01768	  -0.01798
  -0.01880	  -0.01721	  -0.01620	  -0.01768	  -0.01800
  -0.01878	  -0.01723	  -0.01621	  -0.01770	  -0.01801
  -0.01877	  -0.01723	  -0.01620	  -0.01772	  -0.01801
  -0.01879	  -0.01722	  -0.01622	  -0.01774	  -0.01801
  -0.01879	  -0.01723	  -0.01627	  -0.01775	  -0.01802
  -0.01880	  -0.01727	  -0.01633	  -0.01776	  -0.01806
  -0.01884	  -0.01735	  -0.01637	  -0.01777	  -0.01812
  -0.01889	  -0.01743	  -0.01641	  -0.01780	  -0.01819
  -0.01894	  -0.01749	  -0.01648	  -0.01788	  -0.01825
  -0.01898	  -0.01755	  -0.01659	  -0.01799	  -0.01830
  -0.01902	  -0.01762	  -0.01671	  -0.01810	  -0.01834
  -0.01910	  -0.01771	  -0.01682	  -0.01819	  -0.01840
  -0.01918	  -0.01783	  -0.01691	  -0.01828	  -0.01849
  -0.01925	  -0.01796	  -0.01700	  -0.01838	  -0.01859
  -0.01935	  -0.01807	  -0.01709	  -0.01849	  -0.01872
  -0.01946	  -0.01819	  -0.01721	  -0.01860	  -0.01886
  -0.01955	  -0.01833	  -0.01736	  -0.01875	  -0.01899
  -0.01964	  -0.01848	  -0.01753	  -0.01891	  -0.01912
  -0.01977	  -0.01863	  -0.01768	  -0.01906	  -0.01925
  -0.01991	  -0.01876	  -0.01784	  -0.01921	  -0.01937
  -0.02005	  -0.01890	  -0.01801	  -0.01937	  -0.01949
  -0.02019	  -0.01905	  -0.01817	  -0.01952	  -0.01964
  -0.02032	  -0.01922	  -0.01832	  -0.01968	  -0.01979
  -0.02045	  -0.01941	  -0.01850	  -0.01984	  -0.01994
  -0.02056	  -0.01958	  -0.01868	  -0.02000	  -0.02010
  -0.02067	  -0.01973	  -0.01885	  -0.02017	  -0.02027
  -0.02079	  -0.01988	  -0.01902	  -0.02036	  -0.02043
  -0.02091	  -0.02004	  -0.01922	  -0.02056	  -0.02060
  -0.02103	  -0.02018	  -0.01942	  -0.02075	  -0.02077
  -0.02115	  -0.02033	  -0.01960	  -0.02093	  -0.02092
  -0.02125	  -0.02048	  -0.01978	  -0.02108	  -0.02107
  -0.02137	  -0.02064	  -0.01995	  -0.02122	  -0.02121
  -0.02148	  -0.02078	  -0.02009	  -0.02136	  -0.02134
  -0.02156	  -0.02090	  -0.02022	  -0.02151	  -0.02147
  -0.02164	  -0.02102	  -0.02037	  -0.02165	  -0.02161
  -0.02174	  -0.02115	  -0.02054	  -0.02178	  -0.02174
  -0.02183	  -0.02129	  -0.02069	  -0.02194	  -0.02185
  -0.02191	  -0.02144	  -0.02083	  -0.02212	  -0.02198
  -0.02200	  -0.02160	  -0.02098	  -0.02230	  -0.02214
  -0.02213	  -0.02175	  -0.02114	  -0.02245	  -0.02230
  -0.02226	  -0.02190	  -0.02129	  -0.02261	  -0.02247
  -0.02240	  -0.02208	  -0.02147	  -0.02277	  -0.02264
  -0.02254	  -0.02228	  -0.02167	  -0.02294	  -0.02280
  -0.02268	  -0.02248	  -0.02187	  -0.02314	  -0.02296
  -0.02285	  -0.02268	  -0.02206	  -0.02335	  -0.02314
  -0.02304	  -0.02287	  -0.02226	  -0.02353	  -0.02333
  -0.02321	  -0.02307	  -0.02247	  -0.02371	  -0.02351
  -0.02334	  -0.02327	  -0.02268	  -0.02390	  -0.02369
  -0.02349	  -0.02345	  -0.02292	  -0.02411	  -0.02388
  -0.02366	  -0.02363	  -0.02317	  -0.02434	  -0.02411
  -0.02384	  -0.02382	  -0.02340	  -0.02457	  -0.02433
  -0.02403	  -0.02402	  -0.02362	  -0.02479	  -0.02453
  -0.02423	  -0.02424	  -0.02384	  -0.02499	  -0.02472
  -0.02442	  -0.02445	  -0.02403	  -0.02518	  -0.02493
  -0.02458	  -0.02465	  -0.02422	  -0.02540	  -0.02515
  -0.02474	  -0.02486	  -0.02442	  -0.02564	  -0.02536
  -0.02493	  -0.02506	  -0.02465	  -0.02585	  -0.02556
  -0.02510	  -0.02527	  -0.02489	  -0.02604	  -0.02575
  -0.02530	  -0.02549	  -0.02510	  -0.02623	  -0.02594
  -0.02550	  -0.02571	  -0.02529	  -0.02644	  -0.02615
  -0.02566	  -0.02593	  -0.02549	  -0.02666	  -0.02637
  -0.02584	  -0.02615	  -0.02573	  -0.02688	  -0.02659
  -0.02606	  -0.02637	  -0.02598	  -0.02710	  -0.02681
  -0.02627	  -0.02658	  -0.02623	  -0.02732	  -0.02704
  -0.02644	  -0.02681	  -0.02647	  -0.02755	  -0.02726
  -0.02662	  -0.02704	  -0.02669	  -0.02778	  -0.02745
  -0.02682	  -0.02727	  -0.02692	  -0.02801	  -0.02764
  -0.02706	  -0.02750	  -0.02717	  -0.02822	  -0.02786
  -0.02730	  -0.02773	  -0.02743	  -0.02845	  -0.02810
  -0.02752	  -0.02795	  -0.02767	  -0.02867	  -0.02833
  -0.02771	  -0.02815	  -0.02788	  -0.02889	  -0.02855
  -0.02791	  -0.02836	  -0.02811	  -0.02910	  -0.02878
  -0.02812	  -0.02860	  -0.02835	  -0.02931	  -0.02902
  -0.02834	  -0.02883	  -0.02859	  -0.02954	  -0.02924
  -0.02855	  -0.02905	  -0.02882	  -0.02977	  -0.02944
  -0.02876	  -0.02926	  -0.02903	  -0.02999	  -0.02964
  -0.02897	  -0.02947	  -0.02923	  -0.03019	  -0.02985
  -0.02917	  -0.02969	  -0.02946	  -0.03041	  -0.03006
  -0.02935	  -0.02991	  -0.02970	  -0.03062	  -0.03028
  -0.02955	  -0.03011	  -0.02993	  -0.03082	  -0.03048
  -0.02976	  -0.03032	  -0.03013	  -0.03101	  -0.03068
  -0.02998	  -0.03053	  -0.03033	  -0.03121	  -0.03088
  -0.03020	  -0.03071	  -0.03055	  -0.03142	  -0.03107
  -0.03041	  -0.03089	  -0.03076	  -0.03162	  -0.03127
  -0.03059	  -0.03107	  -0.03098	  -0.03181	  -0.03148
  -0.03078	  -0.03127	  -0.03119	  -0.03201	  -0.03167
  -0.03097	  -0.03147	  -0.03141	  -0.03222	  -0.03184
  -0.03116	  -0.03166	  -0.03163	  -0.03241	  -0.03201
  -0.03136	  -0.03186	  -0.03184	  -0.03260	  -0.03220
  -0.03158	  -0.03207	  -0.03206	  -0.03280	  -0.03238
  -0.03180	  -0.03228	  -0.03226	  -0.03301	  -0.03258
  -0.03203	  -0.03247	  -0.03245	  -0.03322	  -0.03279
  -0.03224	  -0.03268	  -0.03266	  -0.03342	  -0.03301
  -0.03244	  -0.03292	  -0.03290	  -0.03363	  -0.03322
  -0.03265	  -0.03317	  -0.03317	  -0.03385	  -0.03345
  -0.03290	  -0.03344	  -0.03345	  -0.03409	  -0.03369
  -0.03316	  -0.03367	  -0.03372	  -0.03434	  -0.03393
  -0.03340	  -0.03391	  -0.03396	  -0.03459	  -0.03418
  -0.03363	  -0.03417	  -0.03419	  -0.03485	  -0.03444
  -0.03387	  -0.03442	  -0.03442	  -0.03510	  -0.03469
  -0.03410	  -0.03466	  -0.03464	  -0.03534	  -0.03491
  -0.03435	  -0.03489	  -0.03487	  -0.03557	  -0.03511
  -0.03460	  -0.03507	  -0.03512	  -0.03580	  -0.03533
  -0.03483	  -0.03525	  -0.03537	  -0.03601	  -0.03555
  -0.03504	  -0.03544	  -0.03558	  -0.03620	  -0.03577
  -0.03524	  -0.03565	  -0.03579	  -0.03639	  -0.03596
  -0.03543	  -0.03587	  -0.03598	  -0.03658	  -0.03613
  -0.03561	  -0.03608	  -0.03619	  -0.03676	  -0.03630
  -0.03578	  -0.03628	  -0.03639	  -0.03693	  -0.03648
  -0.03594	  -0.03647	  -0.03659	  -0.03710	  -0.03665
  -0.03610	  -0.03664	  -0.03678	  -0.03727	  -0.03682
  -0.03625	  -0.03681	  -0.03696	  -0.03744	  -0.03698
  -0.03640	  -0.03696	  -0.03712	  -0.03761	  -0.03715
  -0.03654	  -0.03709	  -0.03728	  -0.03777	  -0.03732
  -0.03669	  -0.03722	  -0.03744	  -0.03791	  -0.03748
  -0.03682	  -0.03737	  -0.03760	  -0.03804	  -0.03763
  -0.03694	  -0.03753	  -0.03775	  -0.03817	  -0.03776
  -0.03706	  -0.03766	  -0.03787	  -0.03830	  -0.03787
  -0.03717	  -0.03776	  -0.03800	  -0.03841	  -0.03797
  -0.03727	  -0.03786	  -0.03811	  -0.03850	  -0.03808
  -0.03738	  -0.03796	  -0.03823	  -0.03858	  -0.03819
  -0.03747	  -0.03805	  -0.03835	  -0.03868	  -0.03829
  -0.03755	  -0.03814	  -0.03846	  -0.03880	  -0.03837
  -0.03763	  -0.03824	  -0.03858	  -0.03891	  -0.03848
  -0.03773	  -0.03837	  -0.03869	  -0.03902	  -0.03860
  -0.03785	  -0.03850	  -0.03881	  -0.03914	  -0.03870
  -0.03798	  -0.03862	  -0.03894	  -0.03926	  -0.03881
  -0.03811	  -0.03875	  -0.03909	  -0.03938	  -0.03892
  -0.03824	  -0.03890	  -0.03926	  -0.03952	  -0.03905
  -0.03836	  -0.03906	  -0.03942	  -0.03969	  -0.03922
  -0.03848	  -0.03922	  -0.03958	  -0.03988	  -0.03941
  -0.03864	  -0.03939	  -0.03973	  -0.04004	  -0.03958
  -0.03882	  -0.03954	  -0.03991	  -0.04021	  -0.03974
  -0.03901	  -0.03971	  -0.04010	  -0.04040	  -0.03992
  -0.03919	  -0.03989	  -0.04030	  -0.04059	  -0.04012
  -0.03935	  -0.04008	  -0.04048	  -0.04077	  -0.04031
  -0.03951	  -0.04026	  -0.04064	  -0.04093	  -0.04047
  -0.03966	  -0.04044	  -0.04081	  -0.04109	  -0.04062
  -0.03981	  -0.04063	  -0.04100	  -0.04126	  -0.04079
  -0.03998	  -0.04081	  -0.04120	  -0.04144	  -0.04097
  -0.04017	  -0.04098	  -0.04138	  -0.04163	  -0.04115
  -0.04036	  -0.04113	  -0.04155	  -0.04179	  -0.04132
  -0.04053	  -0.04128	  -0.04173	  -0.04195	  -0.04147
  -0.04068	  -0.04145	  -0.04192	  -0.04212	  -0.04163
  -0.04084	  -0.04165	  -0.04212	  -0.04228	  -0.04181
  -0.04102	  -0.04188	  -0.04230	  -0.04246	  -0.04200
  -0.04122	  -0.04209	  -0.04249	  -0.04266	  -0.04219
  -0.04144	  -0.04230	  -0.04270	  -0.04288	  -0.04240
  -0.04165	  -0.04250	  -0.04292	  -0.04309	  -0.04261
  -0.04184	  -0.04270	  -0.04314	  -0.04329	  -0.04283
  -0.04204	  -0.04290	  -0.04335	  -0.04348	  -0.04305
  -0.04225	  -0.04310	  -0.04356	  -0.04369	  -0.04326
  -0.04245	  -0.04331	  -0.04376	  -0.04389	  -0.04346
  -0.04265	  -0.04353	  -0.04396	  -0.04410	  -0.04366
  -0.04286	  -0.04375	  -0.04417	  -0.04432	  -0.04385
  -0.04309	  -0.04396	  -0.04440	  -0.04453	  -0.04406
  -0.04331	  -0.04419	  -0.04462	  -0.04473	  -0.04429
  -0.04351	  -0.04443	  -0.04481	  -0.04493	  -0.04452
  -0.04369	  -0.04465	  -0.04501	  -0.04515	  -0.04473
  -0.04387	  -0.04484	  -0.04522	  -0.04535	  -0.04494
  -0.04407	  -0.04502	  -0.04542	  -0.04555	  -0.04515
  -0.04428	  -0.04519	  -0.04560	  -0.04575	  -0.04536
  -0.04447	  -0.04537	  -0.04577	  -0.04592	  -0.04554
  -0.04464	  -0.04555	  -0.04594	  -0.04609	  -0.04571
  -0.04481	  -0.04573	  -0.04612	  -0.04624	  -0.04588
  -0.04496	  -0.04590	  -0.04631	  -0.04639	  -0.04605
  -0.04513	  -0.04607	  -0.04648	  -0.04655	  -0.04622
  -0.04530	  -0.04623	  -0.04664	  -0.04671	  -0.04641
  -0.04547	  -0.04641	  -0.04679	  -0.04688	  -0.04658
  -0.04563	  -0.04660	  -0.04696	  -0.04706	  -0.04676
  -0.04582	  -0.04679	  -0.04716	  -0.04726	  -0.04694
  -0.04602	  -0.04698	  -0.04735	  -0.04748	  -0.04714
  -0.04621	  -0.04716	  -0.04754	  -0.04768	  -0.04734
  -0.04638	  -0.04735	  -0.04773	  -0.04785	  -0.04755
  -0.04655	  -0.04753	  -0.04791	  -0.04804	  -0.04773
  -0.04670	  -0.04770	  -0.04807	  -0.04822	  -0.04789
  -0.04683	  -0.04785	  -0.04822	  -0.04837	  -0.04804
  -0.04696	  -0.04799	  -0.04835	  -0.04850	  -0.04818
  -0.04710	  -0.04814	  -0.04848	  -0.04863	  -0.04833
  -0.04722	  -0.04827	  -0.04861	  -0.04876	  -0.04845
  -0.04733	  -0.04841	  -0.04874	  -0.04886	  -0.04857
  -0.04745	  -0.04853	  -0.04888	  -0.04896	  -0.04867
  -0.04757	  -0.04862	  -0.04898	  -0.04904	  -0.04878
  -0.04768	  -0.04872	  -0.04906	  -0.04914	  -0.04887
  -0.04778	  -0.04882	  -0.04915	  -0.04925	  -0.04896
  -0.04787	  -0.04892	  -0.04924	  -0.04934	  -0.04904
  -0.04797	  -0.04902	  -0.04933	  -0.04942	  -0.04912
  -0.04806	  -0.04912	  -0.04941	  -0.04949	  -0.04922
  -0.04814	  -0.04920	  -0.04951	  -0.04956	  -0.04931
  -0.04822	  -0.04930	  -0.04961	  -0.04965	  -0.04937
  -0.04831	  -0.04940	  -0.04971	  -0.04974	  -0.04945
  -0.04840	  -0.04947	  -0.04980	  -0.04982	  -0.04953
  -0.04847	  -0.04954	  -0.04989	  -0.04988	  -0.04959
  -0.04854	  -0.04960	  -0.04996	  -0.04991	  -0.04966
  -0.04860	  -0.04967	  -0.05001	  -0.04994	  -0.04972
  -0.04865	  -0.04971	  -0.05002	  -0.04997	  -0.04974
  -0.04868	  -0.04972	  -0.05002	  -0.04997	  -0.04974
  -0.04866	  -0.04971	  -0.05003	  -0.04995	  -0.04972
  -0.04862	  -0.04966	  -0.05002	  -0.04993	  -0.04967
  -0.04858	  -0.04960	  -0.04998	  -0.04986	  -0.04960
  -0.04851	  -0.04952	  -0.04988	  -0.04973	  -0.04950
  -0.04841	  -0.04940	  -0.04975	  -0.04957	  -0.04938
  -0.04829	  -0.04925	  -0.04961	  -0.04941	  -0.04922
  -0.04814	  -0.04910	  -0.04947	  -0.04925	  -0.04905
  -0.04799	  -0.04894	  -0.04933	  -0.04907	  -0.04887
  -0.04787	  -0.04878	  -0.04919	  -0.04888	  -0.04870
  -0.04775	  -0.04864	  -0.04904	  -0.04873	  -0.04854
  -0.04761	  -0.04850	  -0.04889	  -0.04858	  -0.04838
  -0.04745	  -0.04835	  -0.04873	  -0.04840	  -0.04819
  -0.04724	  -0.04814	  -0.04853	  -0.04816	  -0.04795
  -0.04695	  -0.04785	  -0.04825	  -0.04784	  -0.04766
  -0.04658	  -0.04748	  -0.04790	  -0.04743	  -0.04727
  -0.04614	  -0.04703	  -0.04747	  -0.04695	  -0.04679
  -0.04563	  -0.04648	  -0.04695	  -0.04639	  -0.04622
  -0.04504	  -0.04587	  -0.04636	  -0.04573	  -0.04559
  -0.04439	  -0.04522	  -0.04570	  -0.04502	  -0.04490
  -0.04368	  -0.04453	  -0.04501	  -0.04428	  -0.04416
  -0.04295	  -0.04382	  -0.04430	  -0.04350	  -0.04337
  -0.04225	  -0.04311	  -0.04360	  -0.04272	  -0.04260
  -0.04159	  -0.04241	  -0.04292	  -0.04198	  -0.04186
  -0.04099	  -0.04180	  -0.04232	  -0.04133	  -0.04119
  -0.04048	  -0.04127	  -0.04181	  -0.04077	  -0.04062
  -0.04004	  -0.04084	  -0.04138	  -0.04030	  -0.04017
  -0.03964	  -0.04048	  -0.04103	  -0.03992	  -0.03977
  -0.03927	  -0.04014	  -0.04071	  -0.03959	  -0.03941
  -0.03888	  -0.03979	  -0.04038	  -0.03926	  -0.03904
  -0.03843	  -0.03938	  -0.03996	  -0.03883	  -0.03860
  -0.03790	  -0.03888	  -0.03945	  -0.03829	  -0.03805
  -0.03728	  -0.03827	  -0.03885	  -0.03766	  -0.03743
  -0.03657	  -0.03757	  -0.03817	  -0.03695	  -0.03672
  -0.03577	  -0.03680	  -0.03743	  -0.03616	  -0.03593
  -0.03489	  -0.03595	  -0.03660	  -0.03529	  -0.03507
  -0.03396	  -0.03504	  -0.03572	  -0.03434	  -0.03413
  -0.03295	  -0.03403	  -0.03475	  -0.03331	  -0.03311
  -0.03186	  -0.03293	  -0.03368	  -0.03219	  -0.03201
  -0.03068	  -0.03176	  -0.03249	  -0.03096	  -0.03082
  -0.02937	  -0.03047	  -0.03117	  -0.02960	  -0.02950
  -0.02791	  -0.02902	  -0.02971	  -0.02807	  -0.02801
  -0.02627	  -0.02735	  -0.02805	  -0.02634	  -0.02634
  -0.02445	  -0.02545	  -0.02619	  -0.02441	  -0.02445
  -0.02243	  -0.02334	  -0.02413	  -0.02226	  -0.02235
  -0.02024	  -0.02108	  -0.02192	  -0.01993	  -0.02007
  -0.01797	  -0.01875	  -0.01962	  -0.01754	  -0.01773
  -0.01577	  -0.01648	  -0.01738	  -0.01521	  -0.01547
  -0.01379	  -0.01442	  -0.01537	  -0.01310	  -0.01341
  -0.01212	  -0.01269	  -0.01366	  -0.01133	  -0.01166
  -0.01069	  -0.01121	  -0.01220	  -0.00983	  -0.01017
  -0.00929	  -0.00972	  -0.01079	  -0.00834	  -0.00871
  -0.00764	  -0.00798	  -0.00910	  -0.00658	  -0.00700
  -0.00555	  -0.00578	  -0.00696	  -0.00435	  -0.00483
  -0.00299	  -0.00309	  -0.00436	  -0.00166	  -0.00217
  -0.00008	  -0.00002	  -0.00139	   0.00139	   0.00086
   0.00301	   0.00326	   0.00179	   0.00464	   0.00408
   0.00610	   0.00655	   0.00497	   0.00790	   0.00729
   0.00901	   0.00963	   0.00793	   0.01096	   0.01033
   0.01158	   0.01236	   0.01056	   0.01368	   0.01304
   0.01383	   0.01471	   0.01286	   0.01605	   0.01539
   0.01584	   0.01683	   0.01493	   0.01815	   0.01746
   0.01772	   0.01882	   0.01685	   0.02010	   0.01939
   0.01951	   0.02072	   0.01864	   0.02194	   0.02122
   0.02122	   0.02251	   0.02032	   0.02367	   0.02297
   0.02282	   0.02421	   0.02192	   0.02533	   0.02463
   0.02435	   0.02583	   0.02347	   0.02693	   0.02621
   0.02584	   0.02737	   0.02499	   0.02848	   0.02771
   0.02730	   0.02887	   0.02646	   0.02996	   0.02916
   0.02866	   0.03030	   0.02782	   0.03133	   0.03053
   0.02987	   0.03159	   0.02904	   0.03255	   0.03180
   0.03091	   0.03271	   0.03012	   0.03362	   0.03291
   0.03186	   0.03369	   0.03110	   0.03456	   0.03388
   0.03276	   0.03459	   0.03199	   0.03546	   0.03477
   0.03362	   0.03546	   0.03285	   0.03632	   0.03561
   0.03444	   0.03631	   0.03368	   0.03714	   0.03643
   0.03521	   0.03710	   0.03445	   0.03791	   0.03720
   0.03587	   0.03777	   0.03510	   0.03855	   0.03786
   0.03627	   0.03817	   0.03550	   0.03891	   0.03826
   0.03624	   0.03811	   0.03540	   0.03878	   0.03816
   0.03552	   0.03730	   0.03460	   0.03797	   0.03736
   0.03393	   0.03561	   0.03299	   0.03634	   0.03575
   0.03156	   0.03311	   0.03062	   0.03391	   0.03335
   0.02864	   0.03001	   0.02766	   0.03089	   0.03035
   0.02543	   0.02661	   0.02440	   0.02757	   0.02705
   0.02220	   0.02318	   0.02111	   0.02425	   0.02373
   0.01913	   0.01993	   0.01798	   0.02109	   0.02059
   0.01632	   0.01695	   0.01513	   0.01820	   0.01773
   0.01385	   0.01431	   0.01263	   0.01565	   0.01519
   0.01177	   0.01208	   0.01050	   0.01346	   0.01299
   0.01007	   0.01027	   0.00877	   0.01168	   0.01117
   0.00876	   0.00889	   0.00743	   0.01031	   0.00977
   0.00784	   0.00793	   0.00649	   0.00934	   0.00880
   0.00730	   0.00740	   0.00595	   0.00879	   0.00823
   0.00716	   0.00729	   0.00583	   0.00866	   0.00810
   0.00742	   0.00758	   0.00612	   0.00895	   0.00838
   0.00802	   0.00820	   0.00675	   0.00959	   0.00900
   0.00881	   0.00904	   0.00760	   0.01042	   0.00984
   0.00968	   0.00996	   0.00853	   0.01135	   0.01080
   0.01058	   0.01095	   0.00950	   0.01234	   0.01179
   0.01152	   0.01199	   0.01050	   0.01338	   0.01279
   0.01248	   0.01305	   0.01153	   0.01444	   0.01383
   0.01343	   0.01409	   0.01257	   0.01549	   0.01488
   0.01440	   0.01514	   0.01358	   0.01653	   0.01592
   0.01536	   0.01619	   0.01458	   0.01755	   0.01692
   0.01628	   0.01718	   0.01551	   0.01851	   0.01786
   0.01709	   0.01800	   0.01632	   0.01933	   0.01868
   0.01766	   0.01860	   0.01695	   0.01996	   0.01931
   0.01789	   0.01889	   0.01725	   0.02027	   0.01961
   0.01768	   0.01872	   0.01706	   0.02012	   0.01943
   0.01695	   0.01798	   0.01630	   0.01942	   0.01871
   0.01566	   0.01667	   0.01503	   0.01814	   0.01743
   0.01393	   0.01487	   0.01335	   0.01638	   0.01569
   0.01197	   0.01283	   0.01139	   0.01437	   0.01368
   0.00999	   0.01075	   0.00936	   0.01234	   0.01164
   0.00818	   0.00882	   0.00750	   0.01048	   0.00979
   0.00663	   0.00716	   0.00594	   0.00886	   0.00823
   0.00530	   0.00576	   0.00462	   0.00750	   0.00691
   0.00412	   0.00453	   0.00346	   0.00632	   0.00573
   0.00303	   0.00342	   0.00237	   0.00523	   0.00464
   0.00201	   0.00238	   0.00134	   0.00418	   0.00360
   0.00104	   0.00140	   0.00035	   0.00317	   0.00261
   0.00010	   0.00044	  -0.00060	   0.00220	   0.00164
  -0.00079	  -0.00049	  -0.00148	   0.00131	   0.00075
  -0.00160	  -0.00137	  -0.00229	   0.00047	  -0.00007
  -0.00231	  -0.00212	  -0.00302	  -0.00029	  -0.00082
  -0.00293	  -0.00277	  -0.00368	  -0.00095	  -0.00147
  -0.00348	  -0.00337	  -0.00425	  -0.00152	  -0.00204
  -0.00397	  -0.00392	  -0.00474	  -0.00202	  -0.00253
  -0.00441	  -0.00437	  -0.00518	  -0.00248	  -0.00297
  -0.00479	  -0.00476	  -0.00558	  -0.00288	  -0.00337
  -0.00514	  -0.00512	  -0.00594	  -0.00323	  -0.00373
  -0.00546	  -0.00546	  -0.00626	  -0.00356	  -0.00406
  -0.00575	  -0.00575	  -0.00656	  -0.00389	  -0.00440
  -0.00603	  -0.00605	  -0.00684	  -0.00423	  -0.00473
  -0.00632	  -0.00638	  -0.00713	  -0.00454	  -0.00505
  -0.00663	  -0.00670	  -0.00744	  -0.00485	  -0.00537
  -0.00694	  -0.00702	  -0.00775	  -0.00516	  -0.00568
  -0.00727	  -0.00735	  -0.00808	  -0.00551	  -0.00601
  -0.00764	  -0.00773	  -0.00844	  -0.00589	  -0.00639
  -0.00802	  -0.00815	  -0.00882	  -0.00631	  -0.00680
  -0.00840	  -0.00860	  -0.00921	  -0.00673	  -0.00722
  -0.00879	  -0.00902	  -0.00961	  -0.00714	  -0.00763
  -0.00916	  -0.00941	  -0.00999	  -0.00753	  -0.00800
  -0.00949	  -0.00975	  -0.01031	  -0.00789	  -0.00833
  -0.00978	  -0.01007	  -0.01061	  -0.00822	  -0.00864
  -0.01006	  -0.01035	  -0.01091	  -0.00852	  -0.00893
  -0.01033	  -0.01063	  -0.01119	  -0.00878	  -0.00919
  -0.01059	  -0.01089	  -0.01144	  -0.00902	  -0.00943
  -0.01083	  -0.01116	  -0.01168	  -0.00926	  -0.00969
  -0.01108	  -0.01142	  -0.01193	  -0.00954	  -0.00994
  -0.01134	  -0.01170	  -0.01220	  -0.00982	  -0.01019
  -0.01161	  -0.01201	  -0.01246	  -0.01009	  -0.01046
  -0.01191	  -0.01232	  -0.01277	  -0.01038	  -0.01080
  -0.01225	  -0.01267	  -0.01313	  -0.01073	  -0.01117
  -0.01261	  -0.01311	  -0.01347	  -0.01114	  -0.01158
  -0.01301	  -0.01362	  -0.01385	  -0.01159	  -0.01202
  -0.01347	  -0.01409	  -0.01434	  -0.01207	  -0.01246
  -0.01398	  -0.01451	  -0.01489	  -0.01255	  -0.01291
  -0.01445	  -0.01497	  -0.01535	  -0.01303	  -0.01338
  -0.01487	  -0.01550	  -0.01575	  -0.01348	  -0.01388
  -0.01531	  -0.01600	  -0.01617	  -0.01394	  -0.01437
  -0.01576	  -0.01641	  -0.01663	  -0.01439	  -0.01482
  -0.01618	  -0.01682	  -0.01704	  -0.01482	  -0.01525
  -0.01657	  -0.01726	  -0.01743	  -0.01522	  -0.01566
  -0.01698	  -0.01765	  -0.01782	  -0.01562	  -0.01604
  -0.01736	  -0.01801	  -0.01818	  -0.01599	  -0.01640
  -0.01765	  -0.01840	  -0.01846	  -0.01632	  -0.01678
  -0.01793	  -0.01883	  -0.01873	  -0.01667	  -0.01718
  -0.01830	  -0.01924	  -0.01909	  -0.01705	  -0.01757
  -0.01871	  -0.01961	  -0.01950	  -0.01743	  -0.01793
  -0.01910	  -0.01999	  -0.01988	  -0.01782	  -0.01830
  -0.01947	  -0.02042	  -0.02025	  -0.01821	  -0.01871
  -0.01991	  -0.02081	  -0.02068	  -0.01864	  -0.01912
  -0.02039	  -0.02115	  -0.02115	  -0.01908	  -0.01951
  -0.02078	  -0.02153	  -0.02151	  -0.01949	  -0.01992
  -0.02107	  -0.02200	  -0.02177	  -0.01987	  -0.02036
  -0.02141	  -0.02244	  -0.02209	  -0.02026	  -0.02080
  -0.02185	  -0.02274	  -0.02251	  -0.02066	  -0.02117
  -0.02224	  -0.02298	  -0.02289	  -0.02099	  -0.02147
  -0.02249	  -0.02325	  -0.02313	  -0.02124	  -0.02172
  -0.02264	  -0.02352	  -0.02327	  -0.02144	  -0.02195
  -0.02280	  -0.02370	  -0.02339	  -0.02158	  -0.02212
  -0.02294	  -0.02378	  -0.02347	  -0.02168	  -0.02223
  -0.02302	  -0.02381	  -0.02348	  -0.02173	  -0.02227
  -0.02303	  -0.02381	  -0.02345	  -0.02175	  -0.02229
  -0.02300	  -0.02382	  -0.02338	  -0.02174	  -0.02230
  -0.02301	  -0.02377	  -0.02333	  -0.02172	  -0.02227
  -0.02300	  -0.02365	  -0.02326	  -0.02167	  -0.02219
  -0.02288	  -0.02350	  -0.02308	  -0.02156	  -0.02207
  -0.02267	  -0.02329	  -0.02278	  -0.02135	  -0.02189
  -0.02236	  -0.02306	  -0.02237	  -0.02103	  -0.02163
  -0.02194	  -0.02276	  -0.02185	  -0.02063	  -0.02130
  -0.02147	  -0.02233	  -0.02128	  -0.02017	  -0.02088
  -0.02093	  -0.02180	  -0.02063	  -0.01962	  -0.02036
  -0.02031	  -0.02116	  -0.01986	  -0.01897	  -0.01973
  -0.01961	  -0.02037	  -0.01903	  -0.01822	  -0.01900
  -0.01885	  -0.01942	  -0.01814	  -0.01736	  -0.01814
  -0.01796	  -0.01834	  -0.01708	  -0.01635	  -0.01712
  -0.01688	  -0.01710	  -0.01582	  -0.01515	  -0.01594
  -0.01564	  -0.01566	  -0.01440	  -0.01380	  -0.01463
  -0.01422	  -0.01409	  -0.01279	  -0.01230	  -0.01316
  -0.01262	  -0.01236	  -0.01095	  -0.01063	  -0.01150
  -0.01080	  -0.01045	  -0.00886	  -0.00873	  -0.00964
  -0.00875	  -0.00830	  -0.00651	  -0.00661	  -0.00756
  -0.00648	  -0.00586	  -0.00395	  -0.00426	  -0.00525
  -0.00399	  -0.00317	  -0.00117	  -0.00166	  -0.00269
  -0.00123	  -0.00026	   0.00188	   0.00120	   0.00015
   0.00183	   0.00289	   0.00526	   0.00435	   0.00326
   0.00510	   0.00631	   0.00887	   0.00776	   0.00660
   0.00849	   0.00993	   0.01258	   0.01134	   0.01006
   0.01200	   0.01369	   0.01636	   0.01500	   0.01365
   0.01564	   0.01754	   0.02024	   0.01871	   0.01736
   0.01938	   0.02142	   0.02421	   0.02252	   0.02116
   0.02322	   0.02530	   0.02826	   0.02643	   0.02504
   0.02714	   0.02932	   0.03244	   0.03045	   0.02901
   0.03103	   0.03341	   0.03656	   0.03446	   0.03297
   0.03483	   0.03734	   0.04047	   0.03831	   0.03680
   0.03855	   0.04109	   0.04425	   0.04203	   0.04049
   0.04213	   0.04470	   0.04791	   0.04562	   0.04408
   0.04551	   0.04827	   0.05142	   0.04909	   0.04756
   0.04866	   0.05168	   0.05463	   0.05234	   0.05083
   0.05163	   0.05476	   0.05757	   0.05530	   0.05384
   0.05448	   0.05760	   0.06038	   0.05805	   0.05665
   0.05718	   0.06026	   0.06306	   0.06068	   0.05930
   0.05972	   0.06278	   0.06556	   0.06319	   0.06181
   0.06203	   0.06515	   0.06785	   0.06553	   0.06413
   0.06413	   0.06734	   0.06988	   0.06766	   0.06626
   0.06608	   0.06930	   0.07175	   0.06957	   0.06819
   0.06790	   0.07101	   0.07352	   0.07129	   0.06995
   0.06958	   0.07264	   0.07516	   0.07291	   0.07158
   0.07102	   0.07422	   0.07657	   0.07439	   0.07309
   0.07226	   0.07557	   0.07771	   0.07566	   0.07442
   0.07337	   0.07671	   0.07874	   0.07674	   0.07557
   0.07434	   0.07765	   0.07969	   0.07764	   0.07654
   0.07514	   0.07839	   0.08048	   0.07837	   0.07730
   0.07576	   0.07897	   0.08104	   0.07892	   0.07788
   0.07621	   0.07937	   0.08139	   0.07930	   0.07829
   0.07650	   0.07960	   0.08158	   0.07952	   0.07851
   0.07667	   0.07968	   0.08161	   0.07957	   0.07856
   0.07666	   0.07959	   0.08151	   0.07946	   0.07846
   0.07647	   0.07931	   0.08126	   0.07922	   0.07822
   0.07614	   0.07889	   0.08088	   0.07886	   0.07786
   0.07570	   0.07838	   0.08042	   0.07837	   0.07738
   0.07516	   0.07779	   0.07985	   0.07780	   0.07680
   0.07452	   0.07714	   0.07916	   0.07713	   0.07614
   0.07383	   0.07641	   0.07842	   0.07636	   0.07542
   0.07309	   0.07560	   0.07765	   0.07556	   0.07463
   0.07232	   0.07473	   0.07683	   0.07474	   0.07377
   0.07149	   0.07384	   0.07599	   0.07388	   0.07289
   0.07065	   0.07294	   0.07512	   0.07298	   0.07197
   0.06983	   0.07203	   0.07418	   0.07206	   0.07103
   0.06898	   0.07107	   0.07319	   0.07112	   0.07011
   0.06806	   0.07010	   0.07222	   0.07017	   0.06918
   0.06711	   0.06913	   0.07127	   0.06922	   0.06825
   0.06620	   0.06816	   0.07031	   0.06828	   0.06733
   0.06530	   0.06717	   0.06938	   0.06735	   0.06641
   0.06440	   0.06617	   0.06846	   0.06643	   0.06548
   0.06353	   0.06522	   0.06751	   0.06553	   0.06451
   0.06270	   0.06432	   0.06656	   0.06464	   0.06357
   0.06188	   0.06345	   0.06567	   0.06372	   0.06268
   0.06108	   0.06258	   0.06481	   0.06276	   0.06182
   0.06029	   0.06170	   0.06394	   0.06183	   0.06096
   0.05955	   0.06082	   0.06306	   0.06096	   0.06011
   0.05881	   0.05996	   0.06220	   0.06010	   0.05924
   0.05805	   0.05910	   0.06134	   0.05921	   0.05836
   0.05729	   0.05823	   0.06045	   0.05833	   0.05747
   0.05649	   0.05733	   0.05952	   0.05746	   0.05661
   0.05568	   0.05643	   0.05862	   0.05660	   0.05575
   0.05487	   0.05553	   0.05774	   0.05572	   0.05486
   0.05405	   0.05460	   0.05680	   0.05481	   0.05396
   0.05320	   0.05365	   0.05582	   0.05387	   0.05306
   0.05233	   0.05268	   0.05484	   0.05291	   0.05214
   0.05142	   0.05171	   0.05385	   0.05197	   0.05120
   0.05048	   0.05075	   0.05289	   0.05103	   0.05024
   0.04955	   0.04981	   0.05195	   0.05008	   0.04928
   0.04866	   0.04886	   0.05099	   0.04914	   0.04836
   0.04779	   0.04790	   0.05001	   0.04821	   0.04744
   0.04690	   0.04696	   0.04904	   0.04731	   0.04654
   0.04600	   0.04605	   0.04807	   0.04643	   0.04566
   0.04512	   0.04515	   0.04715	   0.04555	   0.04478
   0.04428	   0.04427	   0.04629	   0.04470	   0.04393
   0.04347	   0.04342	   0.04546	   0.04387	   0.04313
   0.04269	   0.04263	   0.04466	   0.04307	   0.04238
   0.04197	   0.04187	   0.04388	   0.04233	   0.04164
   0.04131	   0.04116	   0.04315	   0.04166	   0.04095
   0.04068	   0.04049	   0.04245	   0.04103	   0.04031
   0.04009	   0.03988	   0.04179	   0.04043	   0.03973
   0.03953	   0.03933	   0.04120	   0.03987	   0.03918
   0.03902	   0.03880	   0.04064	   0.03937	   0.03865
   0.03858	   0.03830	   0.04010	   0.03887	   0.03819
   0.03817	   0.03782	   0.03959	   0.03836	   0.03776
   0.03776	   0.03738	   0.03909	   0.03787	   0.03735
   0.03740	   0.03697	   0.03861	   0.03743	   0.03695
   0.03709	   0.03661	   0.03820	   0.03706	   0.03659
   0.03683	   0.03633	   0.03787	   0.03676	   0.03632
   0.03668	   0.03610	   0.03762	   0.03656	   0.03614
   0.03664	   0.03597	   0.03745	   0.03643	   0.03606
   0.03668	   0.03597	   0.03738	   0.03639	   0.03606
   0.03679	   0.03608	   0.03739	   0.03644	   0.03616
   0.03700	   0.03627	   0.03747	   0.03658	   0.03633
   0.03730	   0.03652	   0.03764	   0.03678	   0.03656
   0.03769	   0.03683	   0.03790	   0.03704	   0.03684
   0.03814	   0.03720	   0.03822	   0.03738	   0.03721
   0.03865	   0.03765	   0.03857	   0.03777	   0.03766
   0.03924	   0.03817	   0.03897	   0.03821	   0.03817
   0.03989	   0.03874	   0.03945	   0.03871	   0.03876
   0.04061	   0.03938	   0.03999	   0.03928	   0.03942
   0.04139	   0.04010	   0.04061	   0.03988	   0.04010
   0.04223	   0.04085	   0.04126	   0.04053	   0.04081
   0.04310	   0.04162	   0.04189	   0.04122	   0.04158
   0.04399	   0.04245	   0.04256	   0.04195	   0.04239
   0.04489	   0.04330	   0.04329	   0.04271	   0.04320
   0.04579	   0.04412	   0.04404	   0.04347	   0.04402
   0.04669	   0.04491	   0.04474	   0.04420	   0.04482
   0.04754	   0.04568	   0.04540	   0.04488	   0.04558
   0.04830	   0.04640	   0.04598	   0.04549	   0.04626
   0.04897	   0.04701	   0.04645	   0.04601	   0.04684
   0.04950	   0.04749	   0.04683	   0.04643	   0.04732
   0.04984	   0.04783	   0.04708	   0.04676	   0.04768
   0.05001	   0.04802	   0.04719	   0.04697	   0.04790
   0.05007	   0.04808	   0.04719	   0.04705	   0.04798
   0.05001	   0.04804	   0.04712	   0.04705	   0.04797
   0.04985	   0.04793	   0.04698	   0.04696	   0.04790
   0.04961	   0.04777	   0.04678	   0.04682	   0.04780
   0.04933	   0.04755	   0.04656	   0.04664	   0.04768
   0.04905	   0.04732	   0.04631	   0.04646	   0.04752
   0.04880	   0.04710	   0.04604	   0.04627	   0.04734
   0.04852	   0.04687	   0.04577	   0.04607	   0.04717
   0.04823	   0.04666	   0.04553	   0.04588	   0.04705
   0.04795	   0.04648	   0.04531	   0.04571	   0.04693
   0.04771	   0.04631	   0.04507	   0.04557	   0.04678
   0.04749	   0.04615	   0.04485	   0.04546	   0.04664
   0.04730	   0.04602	   0.04466	   0.04535	   0.04654
   0.04716	   0.04594	   0.04451	   0.04523	   0.04646
   0.04704	   0.04586	   0.04439	   0.04512	   0.04640
   0.04693	   0.04579	   0.04430	   0.04506	   0.04633
   0.04683	   0.04574	   0.04425	   0.04503	   0.04627
   0.04676	   0.04571	   0.04423	   0.04503	   0.04625
   0.04674	   0.04571	   0.04422	   0.04505	   0.04629
   0.04678	   0.04575	   0.04425	   0.04510	   0.04636
   0.04686	   0.04583	   0.04430	   0.04517	   0.04645
   0.04700	   0.04597	   0.04436	   0.04528	   0.04661
   0.04719	   0.04616	   0.04445	   0.04545	   0.04682
   0.04738	   0.04641	   0.04462	   0.04569	   0.04706
   0.04761	   0.04668	   0.04487	   0.04596	   0.04734
   0.04787	   0.04696	   0.04514	   0.04625	   0.04765
   0.04816	   0.04725	   0.04542	   0.04656	   0.04797
   0.04847	   0.04757	   0.04570	   0.04690	   0.04834
   0.04881	   0.04793	   0.04601	   0.04726	   0.04872
   0.04919	   0.04832	   0.04635	   0.04762	   0.04908
   0.04959	   0.04876	   0.04672	   0.04799	   0.04945
   0.05004	   0.04922	   0.04714	   0.04841	   0.04989
   0.05054	   0.04971	   0.04763	   0.04892	   0.05040
   0.05108	   0.05025	   0.04817	   0.04948	   0.05094
   0.05161	   0.05079	   0.04868	   0.05004	   0.05145
   0.05207	   0.05126	   0.04911	   0.05052	   0.05190
   0.05244	   0.05163	   0.04945	   0.05084	   0.05227
   0.05272	   0.05189	   0.04971	   0.05106	   0.05254
   0.05294	   0.05208	   0.04990	   0.05122	   0.05271
   0.05307	   0.05219	   0.05000	   0.05131	   0.05281
   0.05314	   0.05221	   0.05003	   0.05131	   0.05282
   0.05321	   0.05219	   0.05002	   0.05129	   0.05281
   0.05328	   0.05219	   0.05003	   0.05128	   0.05283
   0.05341	   0.05225	   0.05011	   0.05133	   0.05289
   0.05365	   0.05242	   0.05030	   0.05147	   0.05301
   0.05403	   0.05273	   0.05058	   0.05170	   0.05324
   0.05454	   0.05317	   0.05100	   0.05206	   0.05364
   0.05516	   0.05376	   0.05159	   0.05260	   0.05423
   0.05591	   0.05452	   0.05232	   0.05330	   0.05495
   0.05669	   0.05528	   0.05302	   0.05403	   0.05566
   0.05726	   0.05579	   0.05349	   0.05454	   0.05614
   0.05737	   0.05581	   0.05355	   0.05455	   0.05613
   0.05698	   0.05526	   0.05309	   0.05395	   0.05554
   0.05620	   0.05426	   0.05223	   0.05289	   0.05452
   0.05531	   0.05314	   0.05125	   0.05169	   0.05337
   0.05456	   0.05221	   0.05039	   0.05066	   0.05237
   0.05407	   0.05158	   0.04978	   0.04996	   0.05166
   0.05384	   0.05119	   0.04940	   0.04952	   0.05124
   0.05379	   0.05098	   0.04919	   0.04929	   0.05102
   0.05385	   0.05093	   0.04913	   0.04920	   0.05094
   0.05398	   0.05098	   0.04917	   0.04918	   0.05093
   0.05413	   0.05105	   0.04924	   0.04918	   0.05094
   0.05424	   0.05107	   0.04928	   0.04918	   0.05093
   0.05428	   0.05103	   0.04926	   0.04916	   0.05088
   0.05425	   0.05094	   0.04920	   0.04909	   0.05077
   0.05416	   0.05082	   0.04908	   0.04896	   0.05062
   0.05401	   0.05066	   0.04890	   0.04876	   0.05045
   0.05380	   0.05045	   0.04867	   0.04852	   0.05022
   0.05351	   0.05015	   0.04838	   0.04821	   0.04990
   0.05319	   0.04978	   0.04806	   0.04785	   0.04953
   0.05284	   0.04937	   0.04769	   0.04745	   0.04912
   0.05244	   0.04894	   0.04728	   0.04701	   0.04868
   0.05196	   0.04844	   0.04680	   0.04650	   0.04818
   0.05139	   0.04785	   0.04624	   0.04592	   0.04758
   0.05076	   0.04718	   0.04562	   0.04529	   0.04693
   0.05011	   0.04647	   0.04495	   0.04464	   0.04625
   0.04948	   0.04577	   0.04431	   0.04399	   0.04559
   0.04889	   0.04514	   0.04372	   0.04337	   0.04498
   0.04832	   0.04458	   0.04315	   0.04280	   0.04443
   0.04779	   0.04406	   0.04262	   0.04230	   0.04390
   0.04733	   0.04359	   0.04214	   0.04185	   0.04342
   0.04691	   0.04315	   0.04171	   0.04146	   0.04301
   0.04648	   0.04274	   0.04133	   0.04113	   0.04266
   0.04609	   0.04239	   0.04100	   0.04083	   0.04233
   0.04576	   0.04212	   0.04070	   0.04060	   0.04206
   0.04549	   0.04191	   0.04044	   0.04043	   0.04186
   0.04529	   0.04178	   0.04026	   0.04030	   0.04173
   0.04516	   0.04171	   0.04017	   0.04026	   0.04168
   0.04510	   0.04170	   0.04015	   0.04032	   0.04170
   0.04509	   0.04177	   0.04019	   0.04047	   0.04180
   0.04511	   0.04194	   0.04030	   0.04068	   0.04198
   0.04521	   0.04216	   0.04048	   0.04096	   0.04224
   0.04539	   0.04244	   0.04072	   0.04131	   0.04255
   0.04566	   0.04279	   0.04106	   0.04173	   0.04296
   0.04607	   0.04329	   0.04153	   0.04229	   0.04353
   0.04663	   0.04398	   0.04218	   0.04304	   0.04430
   0.04738	   0.04488	   0.04300	   0.04399	   0.04528
